14.255220 364.696045 71.000000 124.000000
16.972376 387.535919 58.000000 133.000000
26.872929 230.541443 159.000000 81.000000
26.947369 171.789474 191.257538 59.396751
27.322504 219.767975 164.000000 75.000000
28.510441 344.501160 88.000000 125.000000
28.576744 452.465118 21.894737 168.421051
31.116024 410.165771 48.000000 150.000000
33.944752 321.060791 105.726212 121.169373
33.944752 321.060791 107.000000 121.000000
38.000000 226.000000 162.651947 86.276245
40.421051 257.684204 144.928070 100.974472
40.421051 362.105255 83.155449 141.364258
40.421051 384.000000 70.088165 148.491867
40.483719 216.706970 169.723770 84.861885
40.483719 216.706970 173.473679 84.210526
42.105263 454.736847 26.000000 177.000000
42.430943 229.127075 163.000000 91.000000
43.789474 352.000000 90.283058 136.612518
44.000000 356.000000 84.861885 140.022110
45.259670 362.077362 86.000000 141.000000
46.000000 228.000000 165.480667 91.933708
46.000000 370.000000 79.204422 145.679565
46.674034 250.342545 153.000000 98.000000
48.000000 256.000000 151.337021 103.248619
50.917130 288.530396 134.000000 116.000000
52.210526 227.368423 168.686768 93.846863
53.745857 267.314941 147.000000 110.000000
53.745857 355.005524 93.000000 147.000000
54.772095 257.190704 154.165756 108.906082
55.578949 355.368439 91.470993 146.115997
57.263157 225.684219 171.000000 97.000000
57.263157 225.684219 172.250580 97.410667
57.263157 286.315796 135.424591 119.981438
57.988953 115.977905 239.000000 54.000000
57.988953 295.602234 129.484909 123.545242
57.988953 295.602234 131.000000 123.000000
59.403316 364.906097 89.000000 152.000000
59.534882 116.688370 240.520935 57.153488
63.646412 280.044220 142.000000 121.000000
65.060776 288.530396 136.000000 124.000000
65.684212 288.000000 135.424591 125.921112
66.000000 288.000000 135.779007 125.878456
66.475143 297.016571 131.000000 130.000000
66.679070 290.530243 136.421051 126.315788
67.368423 217.263153 180.566116 102.162407
69.052635 320.000000 119.981438 142.552200
69.303871 319.646423 121.000000 141.000000
70.718231 244.685089 166.000000 113.000000
70.718231 476.640900 22.000000 202.000000
71.276100 343.313202 105.000000 150.000000
71.441864 202.418610 193.684219 96.000000
74.839905 213.828293 185.000000 105.000000
74.961327 206.497238 190.000000 99.000000
74.961327 298.430939 134.236649 134.236649
74.961327 315.403320 126.000000 140.000000
75.789474 114.526314 247.090485 62.960556
75.789474 355.368439 100.974472 159.183289
76.000000 448.000000 42.430943 195.182327
76.375694 114.563538 248.000000 64.000000
76.375694 338.033173 111.000000 150.000000
76.375694 345.104980 108.000000 157.000000
77.473686 242.526321 171.062637 115.229698
77.473686 370.526306 92.874420 164.316284
77.790062 253.171280 165.000000 122.000000
78.586044 328.632568 116.000000 148.000000
79.157898 365.473694 96.222733 162.747101
80.618790 366.320465 97.000000 167.000000
80.779579 367.071899 97.000000 167.000000
80.842102 205.473679 194.821335 104.538277
80.842102 375.578949 91.470993 171.062637
82.000000 252.000000 162.651947 121.635361
82.033150 374.806641 91.000000 172.000000
82.526314 333.473694 116.417633 152.055679
83.447517 275.801117 153.000000 131.000000
83.447517 292.773499 142.000000 137.000000
83.447517 336.618805 112.000000 157.000000
84.210526 345.263153 110.477951 156.807419
84.343384 337.373535 112.000000 157.000000
84.861885 352.176819 103.000000 162.000000
85.894737 252.631577 165.122971 123.545242
85.894737 355.368439 102.162407 162.747101
86.276245 219.226532 188.000000 112.000000
86.276245 234.784546 178.000000 121.000000
86.276245 243.270721 172.000000 122.000000
86.276245 253.171280 166.000000 125.000000
87.578949 367.157898 97.410667 168.686768
90.000000 366.000000 99.005531 172.552490
90.493027 366.734894 99.368423 173.473679
90.519341 277.215485 153.000000 137.000000
90.519341 367.734833 100.000000 172.000000
90.947372 210.526321 193.633408 111.665886
90.947372 293.052643 143.740128 144.928070
91.933708 210.740341 195.000000 114.000000
91.933708 292.773499 143.000000 143.000000
92.000000 292.000000 144.265198 144.265198
96.000000 244.210526 176.000000 126.000000
96.000000 256.000000 168.309402 134.364639
96.176796 219.226532 189.000000 118.000000
97.410667 280.352661 155.000000 144.000000
97.410667 287.480255 149.000000 143.000000
97.591164 473.812164 35.000000 218.000000
97.684212 114.526314 256.593964 79.591644
98.000000 200.000000 202.254150 113.149178
98.000000 448.000000 52.331493 206.497238
100.000000 410.000000 76.375694 195.182327
100.419891 203.668518 201.000000 115.000000
101.834259 214.983429 198.000000 120.000000
101.834259 411.580139 77.000000 196.000000
104.538277 97.410667 269.000000 76.000000
104.662987 104.662987 262.000000 80.000000
104.662987 219.226532 193.000000 125.000000
104.662987 219.226532 195.000000 121.000000
104.662987 227.712723 188.000000 126.000000
106.000000 244.000000 179.624313 131.535919
106.000000 366.000000 106.077354 179.624313
106.077354 379.049744 100.000000 185.000000
106.105263 185.263153 213.828293 111.665886
106.105263 242.526321 181.000000 132.000000
107.162788 366.734894 102.736839 180.210526
107.491714 111.734810 263.000000 83.000000
107.491714 158.408844 234.000000 102.000000
107.491714 370.563538 102.400002 180.986053
107.789474 252.631577 174.626450 136.612518
107.789474 355.368439 115.229698 177.002319
107.789474 375.578949 99.786537 184.129929
108.000000 252.000000 173.966858 138.607742
108.102081 248.278412 176.000000 137.000000
108.906082 199.425415 207.000000 118.000000
108.906082 355.005524 114.000000 178.000000
109.473686 143.157898 239.962875 97.410667
109.544189 154.790695 234.000000 102.000000
109.544189 154.790695 237.473679 101.052635
111.157898 276.210541 161.559158 148.491867
111.734810 275.801117 162.000000 148.000000
112.842110 218.947372 196.009277 127.109047
115.977905 254.585648 176.000000 142.000000
116.210526 107.789474 266.097443 89.095123
116.210526 242.526321 182.941986 138.988388
116.688370 290.530243 153.263153 160.000000
117.894737 141.473679 248.278412 103.350342
117.894737 200.421051 211.452423 127.109047
117.894737 293.052643 154.431549 161.559158
118.793503 220.955902 196.000000 132.000000
118.806633 141.436462 247.000000 105.000000
118.806633 291.359131 154.000000 162.000000
118.806633 292.773499 154.000000 162.000000
120.221001 179.624313 223.000000 118.000000
121.263161 180.210526 222.143845 117.605568
123.832558 150.027908 240.842102 107.789474
123.832558 404.837219 87.578949 208.842102
124.464096 444.110504 66.000000 224.000000
125.878456 321.060791 140.000000 177.000000
125.878456 407.337036 87.000000 210.000000
126.000000 364.000000 114.563538 189.524872
126.000000 406.000000 87.690613 210.740341
126.315788 77.473686 289.856140 83.155449
126.315788 323.368408 138.988388 178.190247
126.315788 407.578949 87.907188 210.264496
127.292824 207.911606 212.000000 134.000000
127.292824 322.475159 140.000000 178.000000
128.000000 143.157898 250.654282 110.477951
128.707184 328.132599 138.000000 180.000000
130.000000 214.000000 206.497238 135.779007
130.121552 111.734810 270.000000 97.000000
130.121552 374.806641 107.000000 197.000000
131.535919 128.707184 258.000000 106.000000
132.000000 142.000000 250.342545 110.320450
132.000000 250.000000 186.696136 154.165756
133.358139 247.665115 186.947372 153.263153
134.364639 237.613266 194.000000 150.000000
134.364639 352.176819 125.000000 195.000000
134.736847 352.000000 124.733177 192.445465
135.779007 362.077362 120.000000 198.000000
136.421051 106.105263 275.600922 102.162407
136.421051 213.894745 206.700684 140.176331
136.421051 252.631577 185.000000 154.000000
136.421051 252.631577 185.317856 154.431549
138.607742 198.011063 222.000000 134.000000
141.364258 218.580032 208.000000 145.000000
141.436462 202.254150 218.000000 142.000000
143.740128 179.378189 235.000000 131.000000
144.842102 235.789474 201.948944 155.619492
144.928070 80.779579 296.000000 96.000000
147.093933 106.077354 281.000000 104.000000
147.303940 212.640366 213.000000 147.000000
148.491867 150.867737 251.000000 125.000000
148.508286 142.850830 256.000000 122.000000
149.679810 173.438507 242.000000 132.000000
149.922653 188.110504 228.083527 138.988388
149.922653 188.110504 229.000000 139.000000
149.922653 196.596695 224.000000 143.000000
149.922653 205.082886 218.000000 145.000000
149.922653 353.591187 131.000000 205.000000
151.337021 181.038681 235.000000 139.000000
151.337021 363.491730 126.000000 206.000000
151.337021 403.093933 98.000000 224.000000
151.578949 362.105255 123.545242 205.512756
151.578949 362.105255 126.000000 206.000000
152.409302 102.400002 282.000000 106.000000
152.751389 195.182327 228.000000 144.000000
152.751389 435.624329 78.000000 237.000000
154.000000 102.000000 284.287292 110.320450
154.000000 228.000000 209.325974 158.408844
154.165756 99.005531 284.000000 109.000000
154.165756 99.005531 285.000000 105.000000
154.947372 99.368423 285.104401 110.477951
154.947372 227.368423 207.888626 155.619492
156.000000 250.000000 195.182327 165.480667
156.631577 252.631577 194.821335 167.498840
156.994476 226.298355 208.000000 157.000000
157.995361 191.257538 229.000000 145.000000
158.315796 293.052643 167.498840 184.129929
158.408844 198.011063 225.000000 147.000000
158.408844 198.011063 229.271454 146.115997
159.823212 325.303894 151.000000 197.000000
160.000000 272.842102 180.566116 179.378189
160.000000 325.052643 149.679810 199.573074
160.371231 325.494202 151.000000 197.000000
161.934875 438.176758 82.526314 240.842102
162.651947 100.419891 290.000000 111.000000
162.651947 108.906082 285.000000 116.000000
163.368423 434.526306 83.155449 242.338745
164.000000 214.000000 219.226532 158.408844
165.480667 241.856369 202.000000 169.000000
166.000000 140.000000 265.900574 131.535919
166.000000 240.000000 202.254150 168.309402
166.000000 322.000000 152.751389 200.839783
166.697678 140.502319 266.105255 133.052628
166.895035 141.436462 267.000000 132.000000
166.895035 280.044220 180.000000 186.000000
166.895035 435.624329 84.000000 244.000000
168.421051 138.105270 268.473297 130.672852
169.723770 156.994476 258.000000 138.000000
169.723770 165.480667 253.000000 142.000000
169.723770 362.077362 130.000000 220.000000
169.874710 99.786537 290.000000 116.000000
170.000000 156.000000 257.414368 138.607742
170.105270 154.947372 256.593964 140.176331
170.105270 252.631577 201.000000 176.000000
171.789474 165.052628 254.809296 142.883728
171.789474 370.526306 128.296982 224.519714
171.789474 400.842102 109.290016 236.399063
172.250580 370.635712 128.000000 224.000000
172.552490 234.784546 208.000000 171.000000
172.552490 371.977905 128.000000 224.000000
173.438507 197.197205 235.000000 158.000000
173.473679 195.368423 233.370178 155.580124
173.473679 195.368423 235.211136 154.431549
173.473679 217.263153 222.143845 166.310898
173.966858 219.226532 220.000000 167.000000
175.157898 185.263153 242.902328 154.790695
175.381226 403.093933 110.000000 236.000000
176.223251 400.074402 109.473686 235.789474
176.795593 319.646423 158.000000 206.000000
176.795593 432.795593 89.000000 250.000000
178.190247 103.350342 292.000000 123.000000
178.526321 244.210526 207.888626 177.002319
180.210526 138.105270 274.000000 141.000000
181.038681 244.685089 209.000000 178.000000
181.894745 198.736847 237.613266 164.066299
182.453049 196.596695 237.000000 163.000000
183.367447 283.386047 185.263153 197.052628
183.578949 208.842102 230.459396 167.498840
183.578949 218.947372 223.331772 173.438507
183.867416 97.591164 297.000000 125.000000
183.867416 219.226532 226.000000 173.000000
184.000000 294.000000 181.038681 199.425415
185.281769 210.740341 231.000000 168.000000
185.317856 141.364258 274.000000 141.000000
186.696136 246.099457 210.000000 184.000000
189.524872 243.270721 211.000000 184.000000
190.000000 246.000000 210.740341 183.867416
190.939240 173.966858 254.000000 158.000000
190.939240 189.524872 244.000000 165.000000
190.939240 198.011063 241.000000 166.000000
190.939240 205.082886 237.000000 169.000000
190.939240 429.966858 97.000000 258.000000
192.000000 212.210526 230.459396 173.438507
192.353592 212.154709 232.000000 173.000000
192.353592 222.055252 227.000000 179.000000
192.353592 347.933716 148.000000 226.000000
192.445465 218.580032 227.000000 179.000000
193.684219 222.315796 224.519714 180.566116
193.767960 260.243103 205.000000 194.000000
193.767960 275.801117 196.000000 199.000000
195.274414 183.367447 250.947372 165.052628
196.596695 373.392273 138.000000 239.000000
198.000000 134.000000 282.872925 148.508286
198.011063 121.635361 290.000000 144.000000
198.011063 241.856369 214.000000 190.000000
198.736847 129.684204 283.916473 147.303940
198.736847 171.789474 261.345703 163.935028
198.736847 185.263153 253.030151 168.686768
198.736847 195.368423 245.902542 169.874710
199.425415 182.453049 253.000000 170.000000
199.425415 189.524872 248.000000 170.000000
199.425415 196.596695 243.000000 170.000000
199.425415 205.082886 238.000000 173.000000
199.573074 243.526672 214.000000 190.000000
200.000000 234.000000 219.226532 188.110504
200.000000 396.000000 123.049728 251.756912
200.421051 146.526321 273.225037 155.619492
200.421051 213.894745 234.023193 180.566116
200.421051 224.000000 228.083527 184.129929
200.839783 148.508286 273.000000 156.000000
200.839783 213.569077 232.000000 179.000000
200.839783 223.469620 227.000000 185.000000
202.105270 294.736847 187.693726 212.640366
202.105270 397.473694 122.357307 253.030151
203.668518 186.696136 250.000000 170.000000
203.668518 398.850830 122.000000 254.000000
205.082886 297.016571 188.000000 215.000000
205.082886 427.138153 104.000000 266.000000
205.512756 237.587006 221.000000 190.000000
206.497238 169.723770 262.000000 164.000000
207.157898 427.789490 103.350342 266.097443
207.911606 192.353592 248.000000 176.000000
208.000000 184.000000 254.585648 172.552490
208.000000 206.000000 240.442001 179.624313
208.842102 183.578949 254.218094 174.626450
208.842102 197.052628 248.278412 175.814377
208.842102 207.157898 239.962875 184.129929
208.842102 207.157898 241.150803 181.754059
208.842102 323.368408 171.062637 228.083527
209.325974 207.911606 243.000000 185.000000
210.000000 218.000000 234.784546 189.524872
210.526321 87.578949 312.426910 136.612518
210.526321 225.684219 229.271454 190.069595
210.526321 459.789490 87.907188 281.540588
210.526321 459.789490 90.000000 280.000000
210.740341 224.883987 229.000000 190.000000
210.740341 224.883987 232.000000 191.000000
212.000000 242.000000 222.055252 196.596695
212.154709 89.104973 314.000000 140.000000
212.154709 323.889526 170.000000 229.000000
212.210526 239.157898 223.331772 196.009277
213.569077 240.442001 224.000000 197.000000
214.983429 185.281769 255.000000 176.000000
214.983429 185.281769 260.000000 177.000000
215.016235 62.960556 332.000000 131.000000
216.397797 193.767960 254.000000 182.000000
216.397797 209.325974 244.000000 190.000000
216.706970 88.111626 318.315796 143.157898
217.812164 62.232048 332.000000 131.000000
218.000000 206.000000 244.210526 186.947372
218.000000 206.000000 246.099457 186.696136
218.947372 87.578949 318.366577 144.928070
218.947372 207.157898 244.714615 187.693726
219.088379 357.209290 151.578949 247.578949
219.226532 171.138123 266.000000 177.000000
219.226532 171.138123 270.000000 175.000000
219.226532 224.883987 234.000000 196.000000
219.226532 346.519348 159.000000 241.000000
220.000000 88.000000 316.817688 145.679565
220.000000 88.000000 318.315796 143.157898
220.000000 88.000000 318.366577 144.928070
220.640900 264.486206 212.000000 211.000000
220.640900 493.613281 69.000000 300.000000
222.000000 230.000000 234.105270 200.421051
222.055252 186.696136 260.000000 183.000000
222.055252 240.442001 229.000000 204.000000
222.315796 357.052643 154.431549 247.090485
226.298355 396.022125 134.000000 268.000000
226.895584 496.556824 70.000000 305.000000
229.052628 166.736847 274.412994 179.378189
229.052628 176.842102 267.285370 184.129929
229.127075 110.320450 308.000000 160.000000
229.127075 230.541443 236.399063 205.512756
230.000000 112.000000 308.331512 158.408844
230.541443 181.038681 266.000000 183.000000
230.736847 85.894737 321.000000 150.000000
230.736847 85.894737 323.118317 152.055679
230.736847 122.947372 300.547546 165.122971
230.736847 197.052628 256.000000 193.000000
230.736847 394.105255 134.236649 267.285370
231.955811 39.602211 351.000000 132.000000
231.955811 200.839783 254.000000 192.000000
231.955811 205.082886 251.000000 196.000000
231.955811 205.082886 251.842224 196.009277
231.955811 214.983429 246.000000 202.000000
232.000000 126.000000 298.430939 165.480667
232.000000 204.000000 251.756912 196.596695
232.000000 204.000000 254.315796 197.052628
232.000000 218.000000 246.099457 202.254150
232.421051 40.421051 350.440826 134.236649
233.370178 145.679565 287.000000 173.000000
233.370178 213.569077 248.278412 201.948944
233.370178 319.646423 181.000000 242.000000
233.376740 128.595352 298.105255 166.736847
234.000000 226.000000 239.027634 203.668518
234.023193 496.556824 75.000000 311.000000
234.105270 148.210526 289.856140 174.626450
234.105270 222.315796 243.000000 205.000000
234.105270 222.315796 243.526672 204.324814
234.105270 321.684204 180.566116 243.526672
234.784546 220.640900 243.000000 205.000000
234.784546 390.364655 138.000000 270.000000
235.758133 392.930237 136.421051 269.473694
235.789474 357.052643 159.553482 257.190704
235.789474 390.736847 140.502319 271.479065
236.000000 168.000000 277.215485 183.867416
236.399063 365.883972 155.000000 260.000000
237.473679 239.157898 235.211136 211.452423
237.613266 239.027634 235.000000 212.000000
238.774933 137.800461 298.000000 173.000000
238.774933 191.257538 261.000000 193.000000
240.442001 205.082886 255.406021 201.948944
240.442001 205.082886 257.000000 201.000000
240.442001 353.591187 162.000000 258.000000
240.520935 57.153488 345.263153 141.473679
240.842102 249.263153 229.271454 218.580032
241.856369 343.690613 171.000000 254.000000
243.270721 154.165756 286.000000 183.000000
244.000000 216.000000 248.278412 207.888626
244.000000 358.000000 162.651947 264.486206
244.210526 257.684204 223.331772 224.519714
244.210526 257.684204 223.469620 224.883987
244.685089 258.828735 224.000000 221.000000
244.685089 258.828735 224.000000 226.000000
244.685089 425.723785 122.000000 288.000000
244.714615 138.988388 298.000000 178.000000
244.714615 426.468658 122.000000 288.000000
245.283722 354.827911 163.368423 262.736847
245.894745 286.315796 207.181396 238.139526
246.000000 224.000000 245.894745 213.894745
246.099457 32.530388 363.000000 140.000000
246.099457 455.425446 102.000000 302.000000
247.090485 180.566116 271.000000 195.000000
247.513824 239.027634 235.211136 219.767975
247.578949 239.157898 235.211136 219.767975
247.578949 272.842102 217.392105 230.459396
247.665115 83.348839 330.105255 158.315796
248.000000 82.000000 330.245941 159.183289
249.263153 84.210526 329.546967 158.408844
249.263153 84.210526 330.000000 161.000000
250.342545 391.779022 144.000000 280.000000
250.947372 139.789474 299.359619 180.566116
250.947372 390.736847 144.928070 280.352661
251.756912 128.707184 304.000000 177.000000
251.756912 288.530396 206.000000 240.000000
251.842224 59.396751 349.000000 150.000000
252.000000 302.000000 199.425415 246.099457
252.631577 32.000000 363.508118 140.176331
252.631577 42.105263 359.944305 146.115997
253.171280 294.187866 203.000000 244.000000
254.315796 161.684204 285.104401 192.445465
254.585648 33.944752 364.000000 146.000000
254.585648 110.320450 320.000000 171.000000
254.585648 485.127106 88.000000 318.000000
255.406021 244.714615 236.000000 225.000000
255.406021 324.306244 190.000000 257.000000
256.000000 169.723770 284.000000 198.000000
256.000000 323.368408 190.069595 255.406021
256.000000 451.182343 109.000000 305.000000
257.414368 181.038681 277.000000 203.000000
257.414368 202.254150 262.000000 209.000000
258.000000 228.000000 248.278412 222.143845
258.969818 118.793503 316.000000 181.000000
259.368408 200.421051 266.097443 210.264496
260.157776 260.157776 230.000000 233.000000
260.243103 321.060791 190.000000 257.000000
261.052643 181.894745 277.976776 205.512756
261.657471 16.972376 376.000000 143.000000
261.657471 493.613281 87.000000 324.000000
264.000000 182.000000 277.215485 207.911606
264.909515 102.162407 327.000000 179.000000
265.900574 111.734810 322.000000 179.000000
265.900574 253.171280 235.000000 234.000000
265.900574 340.861877 180.000000 267.000000
266.000000 252.000000 234.784546 231.955811
266.097443 137.800461 304.000000 190.000000
266.097443 191.257538 275.000000 213.000000
266.105255 195.368423 271.479065 214.325577
266.105255 210.526321 261.345703 216.204163
266.105255 210.526321 261.345703 220.955902
266.105255 250.947372 235.211136 232.835266
267.314941 53.745857 355.000000 158.000000
267.314941 80.618790 343.313202 167.498840
267.789490 218.947372 255.406021 222.143845
267.789490 230.736847 248.278412 229.271454
267.789490 242.526321 242.338745 234.023193
268.729279 172.552490 288.000000 204.000000
269.097687 216.706970 257.684204 224.000000
270.000000 58.000000 356.419891 164.066299
270.143646 25.458565 375.000000 150.000000
270.143646 159.823212 296.000000 201.000000
271.157898 53.894737 356.380493 162.747101
271.157898 126.315788 312.426910 188.881668
271.479065 140.502319 308.210541 193.684219
271.558014 364.906097 170.000000 279.000000
272.000000 156.000000 298.430939 202.254150
272.972382 152.751389 299.000000 202.000000
272.972382 192.353592 275.000000 213.000000
274.386749 53.745857 362.000000 165.000000
274.526306 165.052628 289.944763 207.911606
274.526306 202.105270 268.473297 218.580032
274.526306 202.105270 269.661255 223.331772
274.526306 252.631577 237.587006 242.338745
275.600922 496.556824 89.000000 332.000000
275.801117 62.232048 357.000000 170.000000
275.801117 202.254150 270.000000 220.000000
275.801117 212.154709 263.000000 227.000000
275.801117 256.000000 236.000000 241.000000
275.801117 451.182343 121.000000 318.000000
276.210541 212.210526 263.721558 228.083527
276.210541 451.368439 119.981438 318.366577
277.215485 65.060776 354.000000 172.000000
277.215485 280.044220 222.000000 254.000000
277.894745 30.315790 374.199524 155.619492
277.894745 279.578949 220.955902 253.030151
278.000000 34.000000 373.392273 155.580124
278.629852 24.044199 380.000000 156.000000
278.629852 32.530388 374.000000 155.000000
279.164734 295.795807 214.000000 260.000000
279.578949 389.052643 157.995361 296.983734
280.352661 138.988388 309.000000 201.000000
280.352661 138.988388 310.000000 197.000000
281.004639 69.060463 352.000000 173.473679
281.263153 79.157898 350.000000 177.000000
281.263153 124.631577 320.742462 197.197205
281.263153 419.368439 138.988388 307.675171
282.000000 156.000000 299.845306 207.911606
282.000000 420.000000 141.436462 309.745880
282.872925 63.646412 357.000000 170.000000
282.872925 155.580124 300.000000 208.000000
282.947357 158.315796 299.359619 209.076553
282.947357 168.421051 293.419952 213.828293
284.287292 159.823212 298.000000 209.000000
285.104401 338.561462 192.000000 278.000000
285.701660 210.740341 267.000000 230.000000
285.767456 419.125580 139.789474 309.894745
287.116028 48.088398 368.000000 171.000000
287.116028 134.364639 313.614838 203.136887
287.116028 142.850830 309.000000 206.000000
288.148834 171.460464 291.368408 215.578949
288.530396 335.204437 192.000000 278.000000
288.530396 420.066315 141.000000 310.000000
288.668213 80.779579 350.000000 182.000000
288.668213 146.115997 309.000000 206.000000
289.684204 70.736839 357.000000 178.000000
289.684204 70.736839 357.568420 178.190247
289.684204 80.842102 350.440826 182.941986
289.684204 362.105255 179.378189 289.856140
289.944763 224.883987 262.000000 241.000000
290.000000 336.000000 195.182327 278.629852
291.359131 80.618790 350.000000 182.000000
291.359131 151.337021 305.000000 211.000000
291.368408 224.000000 260.157776 239.962875
292.000000 158.000000 302.674042 216.397797
292.000000 186.000000 284.287292 224.883987
292.000000 450.000000 124.464096 328.132599
292.231995 152.055679 305.000000 211.000000
292.773499 159.823212 300.000000 215.000000
292.773499 196.596695 278.000000 231.000000
292.773499 446.939240 125.921112 326.682129
292.773499 446.939240 128.000000 328.000000
293.052643 141.473679 313.614838 210.264496
293.052643 160.000000 304.111359 216.204163
293.052643 186.947372 283.916473 225.707642
294.187866 132.950287 318.000000 205.000000
294.187866 188.110504 284.000000 227.000000
295.602234 16.972376 389.000000 163.000000
295.602234 32.530388 380.000000 169.000000
298.105255 254.315796 247.000000 256.000000
298.105255 387.368439 166.310898 306.487244
298.171692 71.276100 358.000000 183.000000
298.430939 63.646412 365.000000 183.000000
298.430939 390.364655 165.000000 307.000000
299.789490 75.789474 358.000000 189.000000
299.789490 111.157898 334.997681 203.136887
299.789490 122.947372 329.057983 204.324814
299.789490 131.368423 323.118317 209.076553
299.789490 144.842102 314.344177 216.706970
299.845306 114.563538 335.000000 204.000000
299.845306 123.049728 329.000000 204.000000
300.000000 78.000000 356.419891 186.696136
300.000000 112.000000 336.618805 200.839783
301.259674 131.535919 324.000000 209.000000
301.259674 284.287292 229.000000 269.000000
301.473694 161.684204 304.111359 222.143845
303.157898 40.421051 380.000000 175.000000
303.157898 185.263153 289.856140 234.023193
304.000000 102.000000 340.861877 202.254150
304.000000 186.000000 289.944763 233.370178
304.000000 188.000000 291.359131 231.955811
306.000000 48.000000 374.199524 180.566116
306.526306 101.052635 342.125275 203.136887
306.526306 266.105255 241.150803 264.909515
306.526306 446.315796 133.048721 334.997681
308.331512 124.464096 330.000000 209.000000
308.331512 159.823212 308.000000 225.000000
308.331512 417.237579 151.000000 322.000000
309.745880 76.375694 358.000000 192.000000
309.745880 76.375694 359.000000 195.000000
309.745880 220.640900 270.000000 248.000000
309.745880 442.696136 136.000000 337.000000
309.894745 133.052628 325.494202 217.392105
310.051025 416.965179 151.000000 322.000000
311.160248 141.436462 321.000000 221.000000
311.578949 75.789474 361.132233 196.009277
311.578949 141.473679 319.554504 217.392105
311.578949 154.947372 311.238983 223.331772
311.578949 176.842102 298.171692 234.023193
312.000000 74.000000 361.132233 196.009277
312.000000 134.000000 325.303894 216.397797
313.988953 149.922653 317.000000 225.000000
313.988953 355.005524 190.000000 304.000000
314.344177 157.172089 313.263153 225.684219
315.403320 159.823212 311.000000 228.000000
316.631592 128.000000 328.632568 216.706970
316.725586 173.841858 304.842102 234.105270
318.000000 382.000000 175.381226 313.988953
318.000000 382.000000 175.381226 318.232056
318.315796 357.052643 191.257538 305.299286
318.315796 384.000000 177.002319 318.366577
319.646423 176.795593 304.000000 239.000000
320.000000 65.684212 367.734833 196.596695
320.000000 136.421051 327.870056 224.519714
320.000000 158.315796 316.000000 232.000000
320.000000 168.421051 306.487244 236.399063
321.060791 200.839783 290.000000 248.000000
322.475159 142.850830 322.000000 227.000000
323.869751 88.111626 357.052643 205.473679
325.052643 210.526321 283.916473 254.218094
326.000000 100.000000 350.762451 210.740341
326.000000 412.000000 159.823212 332.375702
326.251160 145.265121 325.052643 229.052628
326.682129 413.401367 159.000000 332.000000
326.718231 185.281769 302.000000 244.000000
326.736847 85.894737 360.000000 209.000000
328.132599 192.353592 296.000000 248.000000
328.632568 159.553482 316.631592 237.473679
328.632568 411.981384 161.684204 331.789490
329.546967 128.707184 335.000000 227.000000
329.546967 137.193375 330.000000 230.000000
330.000000 176.000000 305.502777 243.270721
330.961334 120.221001 339.000000 223.000000
330.961334 284.287292 239.000000 285.000000
335.157898 202.105270 291.044067 255.406021
335.157898 442.947357 147.303940 350.440826
335.204437 209.325974 287.000000 258.000000
335.204437 332.375702 213.000000 308.000000
335.204437 332.375702 213.828293 306.487244
336.000000 48.000000 384.890930 198.385147
336.618805 442.696136 148.000000 350.000000
336.842102 84.210526 363.508118 213.828293
338.033173 485.127106 122.357307 369.447784
338.526306 146.526321 327.870056 238.774933
339.447540 220.640900 284.000000 268.000000
340.210541 173.473679 311.238983 250.654282
341.894745 183.578949 305.299286 253.030151
341.894745 183.578949 305.502777 251.756912
341.894745 355.368439 200.761017 320.742462
342.276245 172.552490 311.000000 250.000000
342.276245 357.834259 202.000000 321.000000
343.313202 193.633408 300.000000 260.000000
343.578949 168.421051 316.725586 252.427902
343.578949 380.631592 187.693726 331.433868
343.690613 121.635361 345.000000 230.000000
343.690613 381.878479 187.000000 332.000000
343.690613 468.154724 135.000000 364.000000
344.000000 378.000000 186.696136 330.961334
344.501160 475.174011 129.000000 370.000000
346.519348 128.707184 340.000000 235.000000
346.947357 80.842102 369.116272 216.706970
346.947357 92.631577 363.508118 222.143845
347.683716 71.441864 375.578949 215.578949
348.631592 134.736847 338.561462 239.962875
348.631592 144.842102 331.433868 243.526672
348.631592 410.947357 172.250580 345.689087
349.348083 137.193375 337.000000 241.000000
349.348083 164.066299 322.000000 251.000000
349.348083 186.696136 306.000000 259.000000
349.348083 186.696136 306.487244 258.969818
350.315796 106.105263 356.380493 230.459396
350.315796 185.263153 306.917145 260.243103
350.440826 187.693726 306.000000 259.000000
350.762451 172.552490 318.000000 257.000000
350.762451 179.624313 311.238983 256.593964
350.762451 179.624313 312.000000 261.000000
352.000000 139.000000 337.000000 241.000000
352.176819 214.983429 291.000000 272.000000
352.176819 408.751404 173.000000 346.000000
353.591187 154.165756 329.000000 251.000000
355.368439 197.052628 304.111359 267.285370
357.834259 135.779007 341.000000 244.000000
357.834259 164.066299 324.000000 256.000000
357.834259 198.011063 303.000000 267.000000
357.834259 284.287292 249.000000 304.000000
358.736847 117.894737 352.176819 237.613266
358.736847 117.894737 354.004639 238.774933
358.756378 142.552200 336.000000 248.000000
359.248627 172.552490 318.366577 260.157776
359.248627 330.961334 224.000000 322.000000
359.248627 438.453064 161.000000 363.000000
360.421051 355.368439 210.264496 331.433868
362.105255 186.947372 311.238983 266.097443
362.320160 184.129929 312.000000 267.000000
364.906097 154.165756 331.433868 256.593964
365.473694 200.421051 304.111359 274.412994
365.473694 377.263153 198.385147 344.501160
366.000000 156.000000 331.789490 259.368408
366.320465 137.193375 342.000000 253.000000
366.320465 189.524872 311.000000 274.000000
366.320465 381.878479 198.000000 346.000000
366.734894 354.827911 212.210526 336.842102
367.157898 134.736847 346.519348 248.928192
367.157898 144.842102 339.749420 254.218094
367.734833 155.580124 331.789490 259.368408
368.000000 144.000000 341.894745 254.315796
369.116272 159.553482 331.789490 259.368408
369.149200 222.055252 293.000000 286.000000
370.526306 407.578949 182.941986 357.568420
370.563538 405.922668 184.000000 359.000000
373.011597 165.122971 330.000000 268.000000
373.392273 485.127106 133.000000 389.000000
376.221008 407.337036 182.000000 360.000000
377.263153 407.578949 186.505798 361.132233
377.635376 308.331512 247.000000 325.000000
378.000000 328.000000 233.370178 329.546967
378.951263 205.512756 306.000000 286.000000
380.000000 136.000000 350.315796 261.052643
380.000000 486.000000 137.193375 391.779022
380.464111 435.624329 170.000000 374.000000
380.464111 485.127106 137.000000 391.000000
380.631592 328.421051 234.023193 332.621796
381.023254 161.934875 335.157898 272.842102
381.023254 161.934875 338.000000 270.000000
381.878479 189.524872 316.631592 279.578949
381.878479 200.839783 311.000000 285.000000
383.292847 91.933708 378.951263 242.338745
383.292847 329.546967 235.000000 336.000000
385.684204 136.421051 352.176819 260.243103
385.684204 352.000000 220.955902 346.877014
387.535919 352.176819 221.000000 346.000000
388.000000 352.000000 220.640900 346.519348
390.000000 124.000000 360.662994 261.657471
390.364655 476.640900 147.000000 398.000000
390.364655 485.127106 142.000000 397.000000
390.736847 373.894745 209.076553 358.756378
392.421051 124.631577 359.944305 262.533630
392.930237 126.213951 360.421051 261.052643
392.930237 481.041870 146.526321 397.473694
393.193390 377.635376 209.000000 359.000000
395.789490 402.526306 193.633408 371.823639
396.022125 403.093933 194.000000 371.000000
396.770294 401.522034 194.000000 371.000000
397.436493 168.309402 336.000000 280.000000
397.473694 242.526321 293.052643 313.263153
397.473694 436.210541 177.002319 384.890930
398.850830 175.381226 333.809723 288.668213
398.850830 432.795593 179.000000 386.000000
400.074402 164.316284 338.526306 281.263153
401.679565 294.187866 263.000000 333.000000
402.526306 116.210526 371.977905 263.071838
404.210541 134.736847 357.834259 272.972382
404.508301 308.331512 255.406021 339.749420
404.508301 308.331512 257.000000 339.000000
405.085846 205.512756 317.000000 304.000000
407.337036 328.132599 245.902542 349.252899
407.461700 324.306244 247.000000 349.000000
409.263153 328.421051 245.902542 349.252899
410.000000 337.000000 238.000000 357.000000
410.165771 338.033173 238.000000 357.000000
412.994476 132.950287 364.000000 281.000000
412.994476 352.176819 230.000000 365.000000
413.401367 102.162407 386.000000 266.000000
413.401367 352.816681 230.000000 365.000000
414.315796 136.421051 364.906097 278.629852
414.315796 148.210526 357.834259 285.701660
414.408844 141.436462 359.000000 281.000000
416.000000 106.105263 381.327148 268.473297
416.000000 106.105263 381.878479 268.729279
420.066315 485.127106 151.000000 416.000000
420.528992 396.770294 209.000000 385.000000
421.052643 402.526306 205.512756 386.078888
421.480682 401.679565 205.000000 387.000000
422.736847 151.578949 357.834259 294.187866
422.895050 140.022110 364.000000 286.000000
424.309418 151.337021 357.000000 294.000000
424.421051 138.105270 367.071899 287.480255
426.468658 300.547546 270.000000 352.000000
427.789490 102.736839 390.830627 276.788849
427.789490 112.842110 382.515076 281.540588
427.789490 431.157898 187.693726 403.897888
427.789490 431.157898 191.257538 400.334106
428.552490 111.734810 384.000000 281.000000
428.552490 437.038696 185.000000 406.000000
428.651154 130.976746 372.210541 288.000000
430.032471 496.556824 149.000000 426.000000
432.795593 298.430939 270.000000 352.000000
433.413940 392.930237 212.154709 390.364655
434.209961 158.408844 356.000000 300.000000
434.209961 455.425446 174.626450 414.589325
434.526306 122.947372 378.951263 286.292328
434.526306 131.368423 374.806641 288.530396
435.624329 104.662987 391.000000 283.000000
435.624329 114.563538 385.000000 283.000000
435.624329 325.303894 257.781891 368.259857
437.038696 123.049728 381.000000 288.000000
440.723877 482.301605 162.000000 428.000000
441.281799 371.977905 230.000000 387.000000
442.696136 164.066299 356.000000 306.000000
442.947357 163.368423 356.000000 306.000000
442.947357 325.052643 257.781891 368.259857
443.099762 496.556824 155.000000 437.000000
444.000000 130.000000 377.635376 298.430939
444.110504 123.049728 383.000000 294.000000
444.110504 131.535919 377.000000 296.000000
446.939240 138.607742 373.000000 301.000000
451.182343 155.580124 366.000000 312.000000
451.182343 412.994476 208.000000 408.000000
452.000000 164.000000 360.662994 312.574585
452.596710 162.651947 360.000000 312.000000
453.052643 163.368423 361.132233 312.426910
454.011078 131.535919 380.000000 303.000000
454.011078 140.022110 376.000000 304.000000
456.839783 435.624329 195.000000 423.000000
456.839783 435.624329 199.000000 419.000000
458.254150 114.563538 393.000000 296.000000
458.254150 114.563538 394.394409 296.983734
462.000000 120.000000 390.736847 301.473694
462.497253 456.839783 188.000000 431.000000
468.154724 97.591164 409.000000 298.000000
468.154724 140.022110 379.000000 314.000000
469.894745 97.684212 406.273773 299.359619
469.894745 107.789474 401.522034 305.299286
475.226532 158.408844 373.000000 328.000000
476.000000 388.000000 234.784546 412.994476
476.640900 99.005531 410.000000 307.000000
476.640900 107.491714 404.000000 309.000000
476.640900 132.950287 390.000000 317.000000
481.041870 126.213951 395.789490 320.000000
485.127106 91.933708 416.000000 308.000000
485.127106 128.707184 396.000000 319.000000
