14.255220 364.696045 71.000000 124.000000
14.255220 420.528992 37.000000 146.000000
24.000000 202.000000 173.966858 69.303871
24.000000 212.000000 165.122971 72.464035
24.000000 386.000000 60.817680 138.607742
24.044199 387.535919 62.960556 140.176331
26.872929 222.055252 164.000000 75.000000
26.947369 171.789474 191.257538 59.396751
28.510441 321.930389 101.000000 117.000000
28.510441 344.501160 88.000000 125.000000
28.576744 214.325577 166.895035 74.961327
28.576744 452.465118 21.894737 168.421051
28.631578 417.684204 46.329464 154.431549
32.530388 288.530396 126.000000 107.000000
32.530388 418.651947 46.000000 156.000000
33.944752 206.497238 176.000000 77.000000
33.944752 214.983429 171.000000 80.000000
33.944752 321.060791 105.726212 121.169373
33.944752 321.060791 107.000000 121.000000
34.000000 324.000000 104.662987 121.635361
35.638050 337.373535 95.000000 124.000000
36.000000 206.000000 173.966858 76.375694
36.000000 372.000000 77.215775 141.364258
38.000000 226.000000 162.651947 86.276245
38.736843 210.526321 172.250580 79.591644
40.421051 257.684204 144.928070 100.974472
40.421051 362.105255 83.155449 141.364258
40.421051 384.000000 70.088165 148.491867
40.483719 216.706970 169.723770 84.861885
40.483719 216.706970 173.473679 84.210526
40.483719 342.920929 94.000000 130.000000
40.483719 342.920929 96.000000 129.684204
42.105263 454.736847 26.000000 177.000000
42.430943 223.469620 169.000000 87.000000
43.789474 240.842102 157.995361 96.222733
43.789474 343.578949 96.222733 134.236649
43.789474 352.000000 90.283058 136.612518
43.845306 240.442001 158.000000 96.000000
44.000000 356.000000 84.861885 140.022110
46.000000 228.000000 165.480667 91.933708
46.000000 370.000000 79.204422 145.679565
48.000000 256.000000 151.337021 103.248619
50.917130 288.530396 134.000000 116.000000
52.210526 227.368423 168.686768 93.846863
52.390697 411.981384 53.894737 166.736847
53.745857 267.314941 147.000000 110.000000
53.745857 355.005524 93.000000 147.000000
53.745857 363.491730 87.000000 146.000000
53.894737 267.789490 147.000000 110.000000
53.894737 276.210541 142.552200 115.229698
54.772095 228.613953 168.309402 97.591164
54.772095 302.437195 126.315788 126.315788
55.160225 195.182327 188.000000 83.000000
55.160225 373.392273 82.000000 151.000000
55.578949 355.368439 91.470993 146.115997
57.153488 214.325577 179.624313 94.762436
57.263157 225.684219 171.000000 97.000000
57.263157 225.684219 172.250580 97.410667
57.263157 286.315796 135.424591 119.981438
57.263157 296.421051 129.484909 123.545242
57.988953 115.977905 239.000000 54.000000
57.988953 295.602234 131.000000 123.000000
58.000000 228.000000 172.552490 99.005531
58.000000 252.000000 154.165756 108.906082
58.000000 298.000000 128.707184 125.878456
59.403316 304.088409 126.000000 129.000000
59.403316 364.906097 89.000000 152.000000
60.817680 338.033173 104.000000 144.000000
63.646412 280.044220 142.000000 121.000000
64.000000 345.263153 103.350342 148.491867
65.060776 288.530396 136.000000 124.000000
65.684212 288.000000 135.424591 125.921112
65.684212 355.368439 95.034798 154.431549
66.000000 276.000000 142.850830 121.635361
66.000000 288.000000 135.779007 125.878456
66.000000 368.000000 87.690613 156.994476
66.475143 297.016571 131.000000 130.000000
66.475143 297.016571 134.000000 129.000000
66.524361 358.756378 95.000000 155.000000
66.524361 365.883972 90.000000 157.000000
66.679070 290.530243 136.421051 126.315788
66.679070 342.920929 106.105263 146.526321
66.679070 354.827911 96.000000 154.947372
67.368423 217.263153 180.566116 102.162407
67.368423 224.000000 177.002319 103.350342
67.368423 252.631577 161.000000 112.000000
67.889503 222.055252 180.000000 104.000000
67.889503 260.243103 154.000000 114.000000
67.889503 305.502777 126.000000 135.000000
67.889503 305.502777 128.296982 133.048721
69.052635 320.000000 119.981438 142.552200
69.060463 261.953491 153.263153 116.210526
69.303871 251.756912 161.000000 112.000000
69.303871 260.243103 157.000000 117.000000
69.303871 319.646423 121.000000 141.000000
69.303871 352.176819 100.000000 150.000000
70.718231 244.685089 166.000000 113.000000
70.718231 329.546967 116.000000 146.000000
70.718231 356.419891 98.000000 154.000000
70.718231 476.640900 22.000000 202.000000
70.718231 493.613281 12.000000 210.000000
71.441864 188.130234 202.105270 90.947372
72.000000 344.000000 106.077354 148.508286
72.132599 366.320465 90.283058 160.371231
72.421051 279.578949 143.740128 128.296982
72.421051 335.157898 110.477951 149.679810
72.421051 417.684204 60.584686 178.190247
73.546967 281.458588 143.000000 127.000000
73.823257 230.995346 175.381226 108.906082
74.000000 242.000000 169.723770 114.563538
74.105263 345.263153 106.914146 153.243622
74.105263 357.052643 97.637207 154.790695
74.839905 313.614838 126.000000 140.000000
74.961327 206.497238 190.000000 99.000000
74.961327 298.430939 133.000000 135.000000
74.961327 315.403320 126.000000 140.000000
74.961327 381.878479 86.000000 168.000000
74.961327 387.535919 80.000000 168.000000
75.789474 114.526314 247.090485 62.960556
75.789474 261.052643 156.807419 121.169373
75.789474 355.368439 100.974472 159.183289
75.789474 446.315796 42.765659 191.257538
76.000000 410.000000 65.060776 176.795593
76.000000 448.000000 42.430943 195.182327
76.375694 53.745857 284.000000 45.000000
76.375694 214.983429 185.000000 105.000000
76.375694 338.033173 111.000000 150.000000
76.375694 345.104980 108.000000 157.000000
76.375694 352.176819 102.000000 156.000000
77.215775 320.742462 122.000000 147.000000
77.473686 224.000000 179.378189 109.290016
77.473686 242.526321 171.062637 115.229698
77.473686 370.526306 92.874420 164.316284
77.790062 253.171280 165.000000 122.000000
77.790062 260.243103 158.000000 123.000000
77.790062 329.546967 116.417633 152.055679
77.790062 329.546967 117.000000 152.000000
77.790062 357.834259 97.000000 160.000000
79.157898 365.473694 96.222733 162.747101
80.000000 322.000000 123.545242 147.303940
80.000000 376.000000 86.276245 168.309402
80.618790 366.320465 97.000000 167.000000
80.842102 205.473679 194.821335 104.538277
80.842102 375.578949 89.095123 167.498840
80.842102 375.578949 91.470993 171.062637
80.967438 342.920929 107.789474 156.631577
82.000000 266.000000 155.580124 128.707184
82.000000 344.000000 107.789474 156.631577
82.033150 199.425415 196.000000 101.000000
82.033150 199.425415 196.009277 99.786537
82.033150 330.961334 117.000000 152.000000
82.033150 374.806641 89.000000 168.000000
82.033150 374.806641 91.000000 167.000000
82.033150 374.806641 91.000000 172.000000
82.526314 267.789490 156.807419 128.296982
82.526314 282.947357 144.928070 135.424591
83.447517 108.906082 251.000000 68.000000
83.447517 108.906082 254.000000 70.000000
83.447517 275.801117 153.000000 131.000000
83.447517 284.287292 148.000000 137.000000
83.447517 292.773499 142.000000 137.000000
83.447517 336.618805 112.000000 157.000000
84.210526 345.263153 110.477951 156.807419
84.343384 324.306244 122.000000 153.000000
84.343384 337.373535 112.000000 157.000000
84.861885 299.845306 137.000000 142.000000
84.861885 352.176819 103.000000 162.000000
85.531319 292.231995 143.000000 141.000000
85.730232 190.511627 202.105270 101.052635
85.894737 222.315796 185.317856 111.665886
85.894737 252.631577 165.122971 123.545242
85.894737 355.368439 102.162407 162.747101
86.000000 354.000000 106.077354 165.480667
86.276245 219.226532 188.000000 112.000000
86.276245 226.298355 184.000000 116.000000
86.276245 234.784546 178.000000 121.000000
86.276245 243.270721 172.000000 122.000000
86.276245 253.171280 166.000000 125.000000
87.578949 367.157898 97.410667 168.686768
88.000000 256.000000 164.066299 127.292824
89.104973 367.734833 97.000000 172.000000
89.263161 198.736847 199.573074 106.914146
90.000000 216.000000 190.939240 111.734810
90.000000 366.000000 99.005531 172.552490
90.283058 190.069595 207.000000 103.000000
90.493027 354.827911 107.789474 166.736847
90.493027 366.734894 99.368423 173.473679
90.519341 203.668518 196.000000 107.000000
90.519341 277.215485 153.000000 137.000000
90.519341 285.701660 149.000000 143.000000
90.519341 367.734833 100.000000 172.000000
90.947372 210.526321 193.633408 111.665886
90.947372 293.052643 143.740128 144.928070
90.947372 325.052643 122.357307 154.431549
90.947372 375.578949 91.470993 177.002319
91.933708 210.740341 195.000000 114.000000
91.933708 292.773499 143.000000 143.000000
92.000000 388.000000 89.263161 180.210526
92.631577 267.789490 159.183289 135.424591
92.874420 328.632568 122.000000 156.000000
94.315788 220.631577 186.505798 117.605568
94.762436 234.784546 181.000000 126.000000
94.762436 258.828735 164.000000 132.000000
95.034798 356.380493 109.000000 170.000000
95.255814 295.293030 143.157898 146.526321
96.000000 234.105270 179.378189 123.545242
96.000000 256.000000 168.309402 134.364639
96.000000 268.000000 162.651947 137.193375
96.176796 219.226532 189.000000 118.000000
97.410667 317.178650 131.000000 155.000000
97.591164 473.812164 35.000000 218.000000
97.637207 164.316284 224.000000 98.000000
97.684212 114.526314 256.593964 79.591644
97.684212 249.263153 172.250580 129.484909
98.000000 186.000000 210.740341 106.077354
98.000000 200.000000 202.254150 113.149178
98.000000 448.000000 52.331493 206.497238
99.005531 278.629852 155.000000 144.000000
99.368423 139.789474 238.774933 91.470993
100.000000 212.000000 195.182327 118.806633
100.000000 410.000000 76.375694 195.182327
100.018600 214.325577 195.368423 117.894737
100.018600 409.600006 75.789474 193.684219
100.419891 203.668518 201.000000 115.000000
101.052635 245.894745 176.223251 133.358139
101.052635 276.210541 160.371231 142.552200
101.834259 96.176796 268.473297 73.651970
101.834259 96.176796 269.000000 76.000000
101.834259 145.679565 240.000000 94.000000
101.834259 214.983429 198.000000 120.000000
101.834259 258.828735 168.000000 138.000000
101.834259 410.165771 78.000000 196.000000
101.834259 411.580139 77.000000 196.000000
102.000000 114.000000 256.000000 79.204422
102.000000 326.000000 129.684204 163.368423
102.000000 326.000000 130.121552 162.651947
102.162407 130.672852 247.000000 87.000000
102.736839 122.947372 251.842224 85.531319
103.248619 274.386749 162.000000 145.000000
104.000000 230.000000 186.696136 125.878456
104.000000 294.000000 145.679565 152.751389
104.662987 104.662987 262.000000 80.000000
104.662987 214.983429 195.000000 121.000000
104.662987 219.226532 193.000000 125.000000
104.662987 227.712723 188.000000 126.000000
104.781395 245.283722 180.210526 134.736847
105.726212 295.795807 150.000000 155.000000
106.000000 244.000000 179.624313 131.535919
106.000000 366.000000 106.077354 179.624313
106.077354 379.049744 100.000000 185.000000
106.105263 185.263153 213.828293 111.665886
106.105263 242.526321 181.000000 132.000000
106.105263 365.473694 103.350342 179.378189
107.162788 257.190704 171.789474 141.473679
107.162788 354.827911 109.473686 176.842102
107.162788 366.734894 102.736839 180.210526
107.491714 104.662987 263.000000 83.000000
107.491714 158.408844 234.000000 102.000000
107.491714 370.563538 102.400002 180.986053
107.789474 252.631577 174.626450 136.612518
107.789474 266.105255 167.498840 143.740128
107.789474 355.368439 111.665886 177.002319
107.789474 375.578949 99.786537 184.129929
108.000000 252.000000 173.966858 138.607742
108.906082 199.425415 207.000000 118.000000
108.906082 251.756912 176.000000 137.000000
108.906082 261.657471 170.000000 145.000000
108.906082 355.005524 114.000000 178.000000
109.473686 143.157898 239.962875 97.410667
109.544189 104.781395 267.789490 84.210526
109.544189 154.790695 234.000000 102.000000
109.544189 154.790695 237.473679 101.052635
110.320450 148.508286 238.000000 98.000000
110.320450 155.580124 234.000000 104.000000
110.320450 169.723770 228.000000 110.000000
111.157898 178.526321 220.955902 111.665886
111.157898 276.210541 161.559158 148.491867
111.734810 275.801117 162.000000 148.000000
112.842110 218.947372 196.009277 127.109047
113.149178 227.712723 193.000000 132.000000
114.000000 106.000000 267.789490 84.210526
114.526314 230.736847 191.000000 136.000000
114.563538 236.198898 187.000000 138.000000
115.977905 244.685089 181.000000 138.000000
115.977905 254.585648 176.000000 142.000000
116.000000 232.000000 189.524872 132.950287
116.210526 107.789474 266.097443 89.095123
116.210526 190.315796 215.016235 121.169373
116.210526 242.526321 182.941986 138.988388
116.210526 254.315796 175.814377 143.740128
116.210526 357.052643 116.417633 185.317856
116.688370 290.530243 153.263153 160.000000
117.392273 261.657471 172.000000 149.000000
117.894737 141.473679 248.278412 103.350342
117.894737 200.421051 211.452423 127.109047
117.894737 293.052643 154.431549 161.559158
117.894737 320.000000 135.424591 168.686768
117.894737 320.000000 137.800461 172.250580
118.000000 246.000000 181.038681 140.022110
118.793503 156.807419 237.000000 109.000000
118.806633 141.436462 247.000000 105.000000
118.806633 148.508286 243.000000 107.000000
118.806633 156.994476 237.000000 109.000000
118.806633 198.011063 212.000000 123.000000
118.806633 291.359131 154.000000 162.000000
118.806633 292.773499 154.000000 162.000000
119.578949 160.000000 234.023193 110.477951
120.000000 116.000000 265.900574 93.348068
120.221001 179.624313 223.000000 118.000000
121.263161 180.210526 222.143845 117.605568
121.263161 448.000000 61.916279 219.088379
121.635361 115.977905 264.000000 97.000000
122.000000 152.000000 240.442001 107.491714
123.049728 381.878479 101.000000 196.000000
123.832558 150.027908 240.842102 107.789474
123.832558 150.027908 244.000000 110.000000
123.832558 404.837219 87.578949 208.842102
124.000000 376.000000 106.105263 197.052628
124.464096 444.110504 66.000000 224.000000
124.631577 224.000000 199.573074 135.424591
125.878456 199.425415 217.000000 130.000000
125.878456 321.060791 140.000000 177.000000
125.878456 353.591187 119.000000 189.000000
125.878456 407.337036 87.000000 207.000000
125.878456 407.337036 87.000000 210.000000
125.878456 442.696136 66.000000 220.000000
126.000000 364.000000 114.563538 189.524872
126.000000 406.000000 87.690613 210.740341
126.315788 77.473686 289.856140 83.155449
126.315788 192.000000 220.640900 125.878456
126.315788 250.947372 183.000000 148.000000
126.315788 261.052643 177.002319 153.243622
126.315788 318.315796 144.265198 175.381226
126.315788 323.368408 138.988388 178.190247
126.315788 407.578949 87.907188 210.264496
127.292824 165.480667 235.000000 119.000000
127.292824 173.966858 229.000000 119.000000
127.292824 182.453049 223.331772 124.733177
127.292824 322.475159 140.000000 178.000000
128.000000 109.473686 267.285370 96.222733
128.000000 143.157898 250.654282 110.477951
128.000000 202.000000 213.569077 132.950287
128.000000 212.210526 205.512756 135.424591
128.000000 331.789490 134.236649 181.754059
128.000000 360.421051 115.229698 192.445465
128.000000 476.000000 48.088398 234.784546
128.707184 158.408844 240.000000 115.000000
128.707184 328.132599 138.000000 180.000000
129.684204 161.684204 236.399063 116.417633
130.000000 108.000000 272.842102 94.315788
130.000000 120.000000 264.421051 101.052635
130.000000 214.000000 206.497238 135.779007
130.121552 117.392273 265.000000 102.000000
130.121552 374.806641 110.000000 198.000000
130.976746 304.818604 154.000000 172.000000
131.368423 101.052635 278.623260 95.255814
131.535919 128.707184 258.000000 106.000000
132.000000 142.000000 250.342545 110.320450
132.000000 238.000000 192.445465 146.115997
132.000000 250.000000 186.696136 154.165756
132.950287 233.370178 194.000000 145.000000
132.950287 408.751404 90.000000 216.000000
133.358139 178.604645 227.368423 126.315788
133.358139 247.665115 186.947372 153.263153
134.000000 352.000000 123.049728 193.767960
134.364639 200.839783 218.000000 135.000000
134.364639 237.613266 194.000000 150.000000
134.364639 263.071838 178.000000 161.000000
134.364639 322.475159 142.552200 182.941986
134.364639 352.176819 125.000000 195.000000
134.736847 225.684219 201.948944 144.928070
134.736847 323.368408 142.552200 182.941986
134.736847 352.000000 124.733177 192.445465
135.739532 192.893021 222.000000 134.000000
135.779007 151.337021 246.000000 116.000000
135.779007 362.077362 119.069763 200.037201
135.779007 362.077362 120.000000 198.000000
136.000000 96.000000 282.872925 96.176796
136.000000 180.000000 227.712723 127.292824
136.000000 180.000000 231.955811 128.707184
136.000000 364.000000 115.977905 198.011063
136.421051 213.894745 206.700684 140.176331
136.421051 252.631577 185.000000 154.000000
136.421051 252.631577 185.317856 154.431549
136.421051 264.421051 180.566116 161.559158
137.193375 254.585648 187.000000 157.000000
138.105270 114.526314 268.473297 102.162407
138.105270 163.368423 242.338745 124.733177
138.120926 364.353485 117.894737 198.736847
138.120926 442.939545 70.736839 232.421051
138.607742 113.149178 270.000000 103.000000
138.607742 121.635361 265.000000 107.000000
139.789474 60.631580 306.487244 83.155449
140.000000 216.000000 209.325974 145.679565
140.022110 60.817680 307.000000 83.000000
140.022110 226.298355 203.000000 150.000000
140.176331 103.350342 280.000000 99.000000
140.502319 154.790695 247.578949 122.947372
140.502319 290.530243 166.736847 173.473679
140.502319 323.869751 144.842102 186.947372
141.436462 158.408844 246.000000 120.000000
141.436462 202.254150 218.000000 142.000000
141.473679 181.894745 229.271454 131.860779
141.473679 362.105255 119.000000 200.000000
142.000000 106.000000 275.801117 101.834259
142.000000 106.000000 277.894745 102.736839
142.000000 118.000000 267.314941 107.491714
142.850830 195.182327 223.000000 138.000000
142.850830 256.000000 188.000000 161.000000
143.740128 179.378189 235.000000 131.000000
143.740128 361.132233 125.000000 201.000000
144.000000 292.000000 164.066299 173.966858
144.000000 304.000000 158.408844 181.038681
144.265198 87.690613 291.000000 97.000000
144.265198 277.215485 175.000000 172.000000
144.265198 360.662994 125.000000 201.000000
144.842102 97.684212 281.540588 103.350342
144.842102 235.789474 201.948944 155.619492
146.526321 116.210526 270.849182 108.102081
146.526321 256.000000 190.069595 161.559158
146.526321 293.052643 165.122971 177.002319
147.093933 106.077354 281.000000 104.000000
147.093933 178.209946 236.000000 132.000000
147.093933 325.303894 146.000000 190.000000
147.646515 402.455811 99.368423 222.315796
148.000000 270.000000 181.038681 169.723770
148.210526 249.263153 192.893021 161.934875
148.491867 150.867737 251.000000 125.000000
148.508286 142.850830 256.000000 122.000000
149.894745 50.526318 317.178650 86.719254
149.894745 153.263153 250.654282 124.733177
149.894745 271.157898 180.566116 172.250580
149.922653 53.745857 312.000000 88.000000
149.922653 188.110504 228.083527 138.988388
149.922653 188.110504 229.000000 139.000000
149.922653 196.596695 224.000000 143.000000
149.922653 205.082886 218.000000 145.000000
149.922653 212.154709 213.828293 148.491867
149.922653 353.591187 131.000000 205.000000
150.000000 60.000000 309.745880 91.933708
151.337021 181.038681 235.000000 139.000000
151.337021 271.558014 181.000000 172.000000
151.337021 363.491730 126.000000 206.000000
151.337021 403.093933 101.000000 222.000000
151.578949 163.368423 244.714615 129.484909
151.578949 180.210526 236.399063 138.988388
151.578949 281.263153 173.438507 178.190247
151.578949 362.105255 123.545242 205.512756
151.578949 362.105255 126.000000 206.000000
152.000000 280.000000 173.966858 178.209946
152.409302 102.400002 282.000000 106.000000
152.751389 80.618790 298.000000 101.000000
152.751389 90.519341 292.000000 105.000000
152.751389 195.182327 228.000000 144.000000
152.751389 280.044220 175.000000 176.000000
152.751389 435.624329 78.000000 237.000000
153.263153 89.263161 292.000000 105.000000
154.000000 102.000000 284.287292 110.320450
154.000000 112.000000 277.215485 113.149178
154.000000 120.000000 274.526306 114.526314
154.000000 228.000000 209.325974 158.408844
154.165756 99.005531 284.000000 109.000000
154.165756 99.005531 285.000000 105.000000
154.790695 252.427902 195.368423 165.052628
154.947372 99.368423 286.292328 105.726212
154.947372 227.368423 207.888626 155.619492
155.619492 112.853821 278.000000 113.000000
156.000000 250.000000 195.182327 165.480667
156.631577 138.105270 261.657471 125.878456
156.631577 252.631577 194.821335 167.498840
156.994476 132.950287 264.000000 123.000000
156.994476 226.298355 208.000000 157.000000
157.995361 191.257538 229.000000 145.000000
157.995361 362.320160 127.000000 212.000000
157.995361 362.320160 130.000000 212.000000
158.000000 262.000000 186.696136 171.138123
158.315796 48.842106 318.366577 90.283058
158.315796 48.842106 320.742462 92.658928
158.315796 262.736847 187.693726 174.626450
158.315796 293.052643 167.498840 184.129929
158.408844 198.011063 225.000000 147.000000
158.408844 198.011063 229.271454 146.115997
159.823212 316.817688 157.000000 196.000000
159.823212 325.303894 151.000000 197.000000
159.823212 363.491730 127.000000 212.000000
159.823212 363.491730 130.000000 212.000000
160.000000 154.947372 256.593964 133.048721
160.000000 164.000000 248.928192 138.607742
160.000000 204.000000 226.298355 152.751389
160.000000 272.842102 180.566116 179.378189
160.000000 325.052643 149.679810 199.573074
161.237579 155.580124 254.000000 136.000000
161.237579 332.375702 146.000000 202.000000
161.684204 104.421051 285.000000 116.000000
161.684204 104.421051 286.292328 116.417633
161.934875 438.176758 82.526314 240.842102
162.651947 108.906082 285.000000 116.000000
162.747101 114.041763 279.000000 119.000000
163.368423 434.526306 83.155449 242.338745
164.000000 214.000000 219.226532 158.408844
164.000000 434.000000 86.276245 243.270721
164.066299 217.812164 215.000000 159.000000
165.052628 99.368423 291.044067 114.041763
165.052628 109.473686 286.292328 116.417633
165.480667 190.939240 234.000000 152.000000
165.480667 241.856369 202.000000 169.000000
166.000000 140.000000 265.900574 131.535919
166.000000 240.000000 202.254150 168.309402
166.000000 322.000000 152.751389 200.839783
166.310898 186.505798 240.000000 149.000000
166.697678 140.502319 266.105255 133.052628
166.736847 320.000000 157.995361 201.948944
166.895035 132.950287 268.000000 127.000000
166.895035 141.436462 263.000000 132.000000
166.895035 141.436462 267.000000 132.000000
166.895035 198.011063 231.647324 153.243622
166.895035 209.325974 223.000000 159.000000
166.895035 237.613266 206.000000 166.000000
166.895035 280.044220 180.000000 186.000000
166.895035 347.933716 141.000000 213.000000
166.895035 363.491730 131.000000 218.000000
166.895035 435.624329 84.000000 244.000000
168.309402 50.917130 320.000000 99.000000
168.309402 182.453049 240.000000 149.000000
168.309402 272.972382 186.000000 184.000000
168.421051 138.105270 268.473297 130.672852
168.421051 146.526321 262.533630 133.048721
168.421051 262.736847 192.445465 180.566116
168.421051 291.368408 173.438507 192.445465
168.421051 362.105255 131.860779 219.767975
168.686768 86.719254 300.000000 110.000000
168.686768 106.914146 285.000000 121.000000
169.723770 165.480667 253.000000 142.000000
169.723770 291.359131 175.000000 193.000000
169.723770 325.303894 155.000000 203.000000
169.723770 362.077362 130.000000 220.000000
169.874710 99.786537 290.000000 116.000000
170.105270 65.684212 312.000000 104.000000
170.105270 154.947372 256.593964 140.176331
170.105270 178.526321 242.338745 147.303940
170.105270 282.947357 180.566116 186.505798
171.138123 108.906082 285.000000 121.000000
171.789474 165.052628 254.809296 142.883728
171.789474 370.526306 128.296982 224.519714
171.789474 400.842102 109.290016 236.399063
172.000000 160.000000 257.414368 141.436462
172.000000 370.000000 128.707184 223.469620
172.250580 363.508118 131.000000 218.000000
172.250580 370.635712 128.000000 224.000000
172.552490 166.895035 252.000000 144.000000
172.552490 371.977905 128.000000 224.000000
173.473679 195.368423 235.211136 154.431549
173.473679 217.263153 222.143845 166.310898
173.966858 132.950287 272.000000 134.000000
173.966858 196.596695 235.000000 158.000000
173.966858 219.226532 220.000000 167.000000
174.000000 206.000000 227.712723 158.408844
174.000000 218.000000 220.640900 165.480667
174.000000 282.000000 182.453049 188.110504
174.626450 439.535950 85.000000 249.000000
175.157898 94.315788 295.000000 118.000000
175.157898 101.052635 290.530243 121.451164
175.157898 185.263153 242.902328 154.790695
175.381226 202.254150 230.000000 162.000000
175.381226 210.740341 224.519714 162.747101
175.381226 403.093933 110.000000 236.000000
175.814377 96.222733 295.000000 118.000000
176.223251 400.074402 109.473686 235.789474
176.795593 285.701660 181.000000 194.000000
176.795593 319.646423 158.000000 206.000000
176.795593 432.795593 89.000000 250.000000
176.842102 320.000000 159.183289 207.888626
176.842102 350.315796 142.552200 218.580032
178.190247 191.257538 240.000000 159.000000
179.624313 104.662987 292.000000 123.000000
180.210526 185.263153 245.902542 155.619492
180.210526 252.631577 200.761017 182.941986
180.210526 252.631577 205.512756 182.941986
180.210526 461.473694 73.651970 260.157776
181.038681 244.685089 209.000000 178.000000
182.000000 360.000000 135.779007 226.298355
182.453049 189.524872 240.000000 159.000000
182.453049 196.596695 237.000000 163.000000
183.367447 283.386047 185.263153 197.052628
183.367447 359.590698 136.421051 224.000000
183.578949 208.842102 230.459396 167.498840
183.578949 218.947372 223.331772 173.438507
183.867416 97.591164 297.000000 125.000000
183.867416 219.226532 226.000000 173.000000
183.867416 229.127075 220.000000 176.000000
183.867416 263.071838 200.000000 190.000000
183.867416 280.044220 188.000000 196.000000
184.000000 282.000000 186.696136 198.011063
185.263153 262.736847 200.761017 191.257538
185.263153 350.315796 147.303940 224.519714
185.263153 358.736847 139.000000 225.000000
185.263153 358.736847 141.364258 225.707642
185.281769 210.740341 231.000000 168.000000
186.000000 96.000000 301.259674 123.049728
186.696136 246.099457 210.000000 184.000000
186.696136 282.872925 188.000000 196.000000
188.000000 232.000000 220.640900 181.038681
188.110504 236.198898 215.000000 178.000000
188.110504 328.132599 158.000000 214.000000
188.631577 102.736839 296.983734 130.672852
188.631577 357.052643 140.502319 228.613953
188.881668 98.598602 301.000000 130.000000
189.524872 243.270721 211.000000 184.000000
190.000000 246.000000 210.740341 183.867416
190.315796 244.210526 212.640366 186.505798
190.511627 223.851166 222.315796 176.842102
190.939240 173.966858 254.000000 158.000000
190.939240 189.524872 244.000000 165.000000
190.939240 198.011063 241.000000 166.000000
190.939240 205.082886 237.000000 169.000000
190.939240 429.966858 97.000000 258.000000
192.000000 212.210526 230.459396 173.438507
192.000000 258.000000 202.254150 193.767960
192.000000 360.000000 144.265198 230.541443
192.353592 212.154709 232.000000 173.000000
192.353592 222.055252 227.000000 179.000000
192.353592 253.171280 209.000000 189.000000
192.353592 347.933716 148.000000 226.000000
193.684219 222.315796 224.519714 180.566116
193.684219 259.368408 201.948944 194.821335
193.767960 229.127075 221.000000 184.000000
193.767960 260.243103 205.000000 194.000000
193.767960 275.801117 196.000000 199.000000
195.274414 183.367447 250.947372 165.052628
196.596695 233.370178 218.580032 185.317856
196.596695 233.370178 221.000000 184.000000
196.596695 299.845306 178.000000 209.000000
196.596695 373.392273 138.000000 239.000000
197.655807 269.097687 200.000000 198.000000
198.000000 134.000000 282.872925 148.508286
198.011063 121.635361 290.000000 144.000000
198.011063 173.966858 258.000000 164.000000
198.011063 241.856369 214.000000 190.000000
198.736847 129.684204 283.916473 147.303940
198.736847 161.684204 267.285370 157.995361
198.736847 171.789474 261.345703 163.935028
198.736847 185.263153 253.030151 168.686768
198.736847 195.368423 245.902542 169.874710
199.425415 134.364639 282.000000 149.000000
199.425415 142.850830 276.000000 150.000000
199.425415 182.453049 253.000000 170.000000
199.425415 189.524872 248.000000 170.000000
199.425415 196.596695 243.000000 170.000000
199.425415 205.082886 238.000000 173.000000
199.425415 251.756912 209.000000 196.000000
199.573074 243.526672 214.000000 190.000000
200.000000 234.000000 219.226532 188.110504
200.000000 396.000000 123.049728 251.756912
200.421051 146.526321 273.225037 155.619492
200.421051 213.894745 234.023193 180.566116
200.421051 224.000000 228.083527 184.129929
200.839783 49.502766 334.000000 118.000000
200.839783 148.508286 273.000000 156.000000
200.839783 213.569077 232.000000 179.000000
200.839783 223.469620 227.000000 185.000000
202.105270 232.421051 222.143845 188.881668
202.105270 286.315796 187.693726 209.076553
202.105270 294.736847 187.693726 212.640366
202.105270 397.473694 122.357307 253.030151
202.254150 284.287292 192.000000 209.000000
203.668518 89.104973 313.000000 136.000000
203.668518 166.895035 264.000000 165.000000
203.668518 398.850830 122.000000 254.000000
204.324814 213.828293 236.000000 181.000000
205.082886 233.370178 224.000000 190.000000
205.082886 427.138153 104.000000 266.000000
206.497238 169.723770 262.000000 164.000000
206.497238 175.381226 259.000000 169.000000
206.497238 183.867416 253.000000 170.000000
206.497238 247.513824 215.000000 196.000000
207.157898 427.789490 103.350342 266.097443
207.181396 169.079071 262.736847 165.052628
207.888626 103.350342 306.000000 142.000000
207.911606 192.353592 248.000000 176.000000
208.000000 184.000000 254.585648 172.552490
208.000000 206.000000 240.442001 179.624313
208.000000 284.000000 196.596695 209.325974
208.000000 294.000000 189.524872 216.397797
208.842102 173.473679 260.157776 168.686768
208.842102 183.578949 254.218094 174.626450
208.842102 197.052628 248.278412 175.814377
208.842102 207.157898 239.962875 184.129929
208.842102 207.157898 241.150803 181.754059
208.842102 323.368408 171.062637 228.083527
209.325974 207.911606 243.000000 185.000000
209.562790 85.730232 313.263153 136.421051
210.000000 218.000000 234.784546 189.524872
210.526321 87.578949 312.426910 136.612518
210.526321 225.684219 229.271454 190.069595
210.526321 459.789490 87.907188 281.540588
210.740341 224.883987 229.000000 190.000000
210.740341 224.883987 232.000000 191.000000
210.740341 345.104980 159.000000 235.000000
212.000000 242.000000 222.055252 196.596695
212.154709 83.447517 320.000000 139.000000
212.154709 89.104973 314.000000 140.000000
212.154709 323.889526 170.000000 229.000000
212.210526 239.157898 223.331772 196.009277
212.210526 245.894745 221.469772 197.655807
212.210526 360.421051 147.646515 245.283722
212.210526 490.105255 70.088165 293.419952
213.569077 240.442001 224.000000 197.000000
214.983429 185.281769 255.000000 176.000000
214.983429 185.281769 260.000000 177.000000
214.983429 198.011063 250.000000 180.000000
215.016235 62.960556 332.000000 131.000000
215.016235 68.900230 326.000000 132.000000
216.397797 132.950287 291.044067 157.995361
216.397797 193.767960 254.000000 182.000000
216.397797 209.325974 244.000000 190.000000
216.706970 88.111626 318.315796 143.157898
217.263153 193.684219 255.406021 181.754059
217.812164 62.232048 332.000000 131.000000
217.812164 217.812164 238.000000 189.000000
217.812164 428.552490 108.000000 271.000000
217.812164 428.552490 110.000000 275.000000
218.000000 206.000000 244.210526 186.947372
218.000000 206.000000 246.099457 186.696136
218.580032 354.004639 154.000000 245.000000
218.947372 75.789474 326.682129 137.800461
218.947372 87.578949 318.366577 144.928070
218.947372 102.736839 310.051025 150.867737
218.947372 175.157898 267.285370 175.814377
218.947372 207.157898 244.714615 187.693726
218.947372 217.263153 238.000000 195.000000
219.088379 357.209290 151.578949 247.578949
219.226532 171.138123 270.000000 175.000000
219.226532 224.883987 234.000000 196.000000
219.226532 346.519348 159.000000 241.000000
219.226532 355.005524 154.000000 245.000000
219.767975 489.429230 72.000000 295.000000
220.000000 88.000000 316.817688 145.679565
220.000000 88.000000 318.315796 143.157898
220.000000 88.000000 318.366577 144.928070
220.000000 218.000000 239.157898 195.368423
220.000000 284.000000 196.596695 217.812164
220.631577 225.684219 237.587006 197.197205
220.631577 365.473694 149.679810 250.654282
220.640900 76.375694 327.000000 139.000000
220.640900 91.933708 315.000000 145.000000
220.640900 231.955811 230.000000 198.000000
220.640900 231.955811 231.647324 197.197205
220.640900 264.486206 212.000000 211.000000
220.640900 362.077362 152.000000 250.000000
220.955902 243.526672 224.000000 203.000000
222.055252 186.696136 260.000000 183.000000
222.055252 240.442001 224.000000 203.000000
222.055252 240.442001 229.000000 204.000000
222.315796 240.842102 223.331772 203.136887
222.315796 357.052643 154.431549 247.090485
222.315796 375.578949 142.552200 253.030151
223.469620 195.182327 255.000000 188.000000
223.851166 242.902328 225.684219 207.157898
224.000000 242.000000 224.883987 205.082886
224.883987 203.668518 250.000000 191.000000
224.883987 210.740341 245.000000 196.000000
225.684219 237.473679 229.271454 204.324814
226.298355 220.640900 239.000000 200.000000
226.298355 220.640900 242.338745 198.385147
226.298355 396.022125 134.000000 268.000000
226.895584 225.707642 239.000000 200.000000
226.895584 496.556824 70.000000 305.000000
227.712723 93.348068 317.000000 150.000000
227.712723 101.834259 313.000000 155.000000
227.712723 169.723770 269.000000 178.000000
227.712723 362.077362 155.000000 255.000000
228.083527 152.055679 280.000000 172.000000
228.083527 181.754059 266.000000 183.000000
229.052628 94.315788 317.000000 154.000000
229.052628 102.736839 313.000000 155.000000
229.052628 111.157898 308.000000 155.000000
229.052628 166.736847 274.412994 179.378189
229.052628 176.842102 267.285370 184.129929
229.052628 230.736847 236.399063 205.512756
229.052628 296.421051 197.197205 228.083527
229.127075 77.790062 328.000000 144.000000
229.127075 110.320450 308.000000 160.000000
229.127075 230.541443 236.399063 205.512756
230.000000 112.000000 308.331512 158.408844
230.000000 176.000000 267.314941 183.867416
230.541443 181.038681 266.000000 183.000000
230.736847 30.315790 356.380493 127.109047
230.736847 85.894737 321.000000 150.000000
230.736847 85.894737 323.118317 152.055679
230.736847 122.947372 300.547546 165.122971
230.736847 394.105255 134.236649 267.285370
231.647324 207.888626 251.000000 196.000000
231.955811 39.602211 351.000000 132.000000
231.955811 130.121552 297.000000 167.000000
231.955811 188.110504 261.000000 189.000000
231.955811 196.596695 256.000000 193.000000
231.955811 200.839783 254.000000 192.000000
231.955811 205.082886 251.000000 196.000000
231.955811 205.082886 251.842224 196.009277
231.955811 214.983429 246.000000 202.000000
232.000000 126.000000 298.430939 165.480667
232.000000 204.000000 251.756912 196.596695
232.000000 204.000000 254.315796 197.052628
232.000000 218.000000 246.099457 202.254150
232.000000 288.000000 200.839783 226.298355
232.000000 426.000000 118.806633 280.044220
232.421051 40.421051 350.440826 134.236649
232.835266 182.941986 266.000000 189.000000
233.370178 137.193375 292.000000 172.000000
233.370178 145.679565 287.000000 173.000000
233.370178 213.569077 248.278412 201.948944
233.370178 319.646423 181.000000 242.000000
233.370178 394.607758 137.000000 272.000000
233.376740 128.595352 298.105255 166.736847
233.376740 369.116272 153.263153 257.684204
234.000000 226.000000 239.027634 203.668518
234.000000 356.000000 159.823212 257.414368
234.023193 496.556824 75.000000 311.000000
234.105270 138.105270 292.231995 171.062637
234.105270 148.210526 286.292328 175.814377
234.105270 222.315796 243.000000 205.000000
234.105270 222.315796 243.526672 204.324814
234.105270 321.684204 180.566116 243.526672
234.105270 321.684204 181.038681 240.442001
234.105270 357.052643 160.371231 256.593964
234.784546 55.160225 344.000000 138.000000
234.784546 141.436462 292.000000 174.000000
234.784546 220.640900 243.000000 205.000000
234.784546 390.364655 138.000000 270.000000
235.758133 142.883728 291.368408 173.473679
235.758133 392.930237 136.421051 269.473694
235.789474 158.315796 281.540588 179.378189
235.789474 357.052643 159.553482 257.190704
235.789474 390.736847 140.502319 271.479065
236.000000 168.000000 277.215485 183.867416
236.198898 62.232048 343.000000 143.000000
236.399063 104.538277 316.000000 161.000000
236.399063 365.883972 155.000000 260.000000
237.473679 168.421051 274.000000 187.000000
237.473679 239.157898 235.211136 211.452423
237.587006 182.941986 266.000000 189.000000
237.613266 77.790062 334.000000 151.000000
237.613266 111.734810 311.000000 166.000000
237.613266 200.839783 256.000000 198.000000
237.613266 239.027634 235.000000 212.000000
239.027634 189.524872 266.000000 194.000000
239.157898 84.210526 328.132599 152.751389
239.157898 111.157898 312.426910 165.122971
239.157898 178.526321 268.473297 190.069595
239.962875 204.324814 257.000000 201.000000
240.442001 205.082886 255.406021 201.948944
240.442001 213.569077 249.000000 202.000000
240.442001 248.928192 229.000000 218.000000
240.442001 353.591187 162.000000 258.000000
240.442001 476.640900 89.000000 306.000000
240.520935 57.153488 345.263153 141.473679
240.842102 213.894745 248.278412 201.948944
240.842102 249.263153 229.271454 218.580032
241.856369 138.607742 298.000000 178.000000
241.856369 343.690613 171.000000 254.000000
242.526321 52.210526 346.877014 143.740128
242.526321 129.684204 299.359619 173.438507
242.526321 129.684204 302.923431 174.626450
242.526321 448.000000 109.544189 295.293030
243.270721 53.745857 349.000000 144.000000
243.270721 154.165756 286.000000 183.000000
243.270721 350.762451 165.000000 260.000000
244.000000 260.000000 223.469620 224.883987
244.000000 358.000000 162.651947 264.486206
244.210526 149.894745 292.231995 180.566116
244.210526 160.000000 283.916473 186.505798
244.210526 222.315796 246.099457 209.325974
244.210526 257.684204 223.331772 224.519714
244.210526 257.684204 223.469620 224.883987
244.685089 62.232048 343.000000 149.000000
244.685089 84.861885 328.000000 156.000000
244.685089 258.828735 224.000000 221.000000
244.685089 258.828735 224.000000 226.000000
244.685089 425.723785 122.000000 288.000000
244.685089 485.127106 87.000000 312.000000
244.714615 138.988388 298.000000 178.000000
244.714615 426.468658 122.000000 288.000000
245.283722 354.827911 163.368423 262.736847
245.894745 64.000000 340.937347 148.491867
245.894745 170.105270 276.788849 191.257538
245.894745 286.315796 207.181396 238.139526
246.000000 56.000000 346.877014 149.679810
246.000000 224.000000 246.099457 209.325974
246.000000 272.000000 217.812164 230.541443
246.099457 32.530388 363.000000 140.000000
246.099457 70.718231 340.000000 155.000000
246.099457 169.723770 276.000000 192.000000
246.099457 230.541443 242.000000 213.000000
247.513824 123.049728 309.000000 172.000000
247.513824 179.624313 271.000000 195.000000
247.513824 239.027634 235.211136 219.767975
247.513824 239.027634 237.000000 217.000000
247.578949 74.105263 336.185608 154.431549
247.578949 229.052628 242.338745 212.640366
247.578949 239.157898 235.211136 219.767975
247.578949 272.842102 217.392105 230.459396
247.665115 83.348839 330.105255 158.315796
248.000000 64.000000 345.104980 149.922653
248.000000 82.000000 330.245941 159.183289
248.000000 140.000000 299.845306 181.038681
248.000000 282.000000 210.740341 237.613266
248.000000 390.000000 144.265198 278.629852
248.928192 202.254150 260.000000 207.000000
248.928192 213.569077 255.406021 209.076553
248.928192 229.127075 246.000000 214.000000
248.928192 247.513824 230.459396 224.519714
248.928192 454.011078 105.000000 301.000000
249.263153 20.210526 371.823639 134.236649
249.263153 84.210526 329.546967 158.408844
249.263153 84.210526 330.000000 161.000000
249.263153 119.578949 308.863098 171.062637
249.263153 180.210526 270.849182 196.009277
249.263153 188.631577 270.143646 199.425415
249.263153 200.421051 262.533630 203.136887
249.263153 200.421051 263.071838 203.668518
249.263153 247.578949 230.459396 224.519714
250.000000 150.000000 291.359131 186.696136
250.000000 160.000000 284.287292 190.939240
250.046509 283.386047 208.842102 237.473679
250.342545 46.674034 355.000000 147.000000
250.342545 53.745857 349.000000 150.000000
250.342545 391.779022 144.000000 280.000000
250.947372 139.789474 299.359619 180.566116
250.947372 304.842102 199.573074 245.902542
250.947372 313.263153 192.445465 248.278412
250.947372 390.736847 144.928070 280.352661
251.756912 128.707184 304.000000 177.000000
251.756912 152.751389 292.000000 189.000000
251.756912 288.530396 206.000000 240.000000
251.756912 313.988953 190.000000 250.000000
251.756912 313.988953 195.000000 251.000000
251.756912 476.640900 95.000000 311.000000
251.842224 203.136887 262.000000 209.000000
251.842224 454.979095 106.000000 305.000000
252.000000 180.000000 277.215485 199.425415
252.000000 302.000000 199.425415 246.099457
252.631577 32.000000 363.508118 140.176331
252.631577 42.105263 359.944305 146.115997
252.631577 149.894745 292.231995 187.693726
253.171280 15.558012 375.000000 136.000000
253.171280 25.458565 370.000000 142.000000
253.171280 257.414368 229.000000 227.000000
253.171280 294.187866 203.000000 244.000000
254.315796 161.684204 285.104401 192.445465
254.585648 33.944752 364.000000 146.000000
254.585648 110.320450 320.000000 171.000000
254.585648 485.127106 88.000000 318.000000
254.585648 493.613281 84.000000 319.000000
255.406021 324.306244 190.000000 257.000000
256.000000 42.430943 359.000000 146.000000
256.000000 121.635361 310.000000 179.000000
256.000000 169.723770 284.000000 198.000000
256.000000 216.000000 253.171280 214.983429
256.000000 248.928192 236.000000 225.000000
256.000000 249.263153 233.376740 226.232559
256.000000 249.263153 236.399063 225.707642
256.000000 250.000000 231.955811 224.883987
256.000000 261.052643 224.519714 231.647324
256.000000 262.000000 226.298355 233.370178
256.000000 323.368408 190.069595 255.406021
256.000000 451.182343 109.000000 305.000000
257.414368 181.038681 277.000000 203.000000
257.414368 188.110504 273.225037 205.512756
257.414368 202.254150 262.000000 209.000000
257.414368 305.502777 200.000000 251.000000
257.414368 322.475159 190.000000 258.000000
257.684204 229.052628 248.278412 222.143845
257.684204 276.210541 219.226532 239.027634
257.684204 331.789490 185.317856 260.157776
257.684204 341.894745 180.566116 264.909515
258.000000 228.000000 247.513824 220.640900
258.828735 145.679565 298.000000 189.000000
258.828735 210.740341 257.000000 215.000000
258.828735 210.740341 259.000000 214.000000
258.828735 257.414368 230.000000 233.000000
259.368408 119.578949 313.614838 180.566116
259.368408 200.421051 266.097443 210.264496
259.368408 308.210541 199.573074 251.842224
259.572083 340.539520 181.894745 264.421051
260.000000 132.000000 308.331512 182.453049
260.000000 272.000000 219.226532 239.027634
260.157776 65.336426 349.000000 157.000000
260.157776 260.157776 230.000000 233.000000
260.243103 87.690613 331.433868 167.498840
260.243103 217.812164 256.000000 217.000000
260.243103 321.060791 190.000000 257.000000
261.052643 129.684204 310.051025 184.129929
261.345703 219.767975 253.000000 221.000000
261.345703 475.174011 99.000000 319.000000
261.657471 16.972376 376.000000 143.000000
261.657471 161.237579 290.000000 195.000000
261.657471 233.370178 248.000000 226.000000
261.657471 289.944763 211.452423 248.278412
261.657471 493.613281 87.000000 324.000000
261.953491 154.790695 291.368408 193.684219
263.071838 128.707184 313.000000 185.000000
263.071838 166.895035 289.000000 201.000000
264.000000 24.000000 373.392273 147.093933
264.000000 170.000000 287.116028 199.425415
264.000000 182.000000 277.215485 207.911606
264.000000 192.000000 270.143646 207.911606
264.334869 169.079071 288.000000 202.105270
264.334869 183.367447 277.894745 207.157898
264.421051 161.684204 291.044067 200.761017
264.486206 182.453049 277.000000 209.000000
264.909515 102.162407 327.000000 179.000000
265.900574 111.734810 322.000000 179.000000
265.900574 138.607742 304.000000 190.000000
265.900574 199.425415 269.000000 216.000000
265.900574 253.171280 235.000000 234.000000
265.900574 340.861877 180.000000 267.000000
265.900574 350.762451 176.000000 272.000000
266.000000 252.000000 234.784546 231.955811
266.000000 340.000000 182.453049 265.900574
266.097443 191.257538 275.000000 213.000000
266.105255 195.368423 271.479065 214.325577
266.105255 210.526321 261.345703 216.204163
266.105255 210.526321 261.345703 220.955902
266.105255 250.947372 235.211136 232.835266
267.314941 53.745857 357.000000 161.000000
267.314941 70.718231 349.252899 163.935028
267.314941 145.679565 302.000000 196.000000
267.314941 243.270721 242.000000 234.000000
267.314941 260.243103 230.000000 239.000000
267.789490 230.736847 248.278412 229.271454
267.789490 242.526321 242.338745 234.023193
267.789490 282.947357 217.392105 245.902542
268.729279 87.690613 338.000000 172.000000
268.729279 172.552490 288.000000 204.000000
268.729279 231.955811 248.000000 226.000000
268.729279 234.784546 248.000000 230.000000
268.729279 284.287292 217.000000 248.000000
269.097687 216.706970 257.684204 224.000000
270.000000 58.000000 356.419891 164.066299
270.000000 68.000000 347.933716 164.066299
270.000000 90.000000 336.185608 173.438507
270.143646 25.458565 375.000000 150.000000
270.143646 159.823212 296.000000 201.000000
270.143646 175.381226 286.000000 207.000000
271.157898 126.315788 312.426910 188.881668
271.157898 141.473679 306.487244 196.009277
271.157898 151.578949 299.359619 201.948944
271.479065 140.502319 308.210541 193.684219
271.558014 114.563538 322.000000 184.000000
271.558014 120.221001 316.000000 186.000000
272.000000 156.000000 298.430939 202.254150
272.842102 181.894745 281.540588 212.640366
272.972382 152.751389 299.000000 202.000000
272.972382 192.353592 275.000000 213.000000
272.972382 268.729279 229.271454 244.714615
272.972382 268.729279 230.000000 243.000000
273.860474 154.790695 296.421051 200.421051
274.000000 182.000000 279.578949 213.894745
274.000000 192.000000 275.801117 217.812164
274.386749 53.745857 362.000000 165.000000
274.386749 186.696136 280.000000 216.000000
274.412994 213.828293 263.000000 227.000000
274.412994 482.301605 97.000000 328.000000
274.526306 165.052628 289.944763 207.911606
274.526306 173.473679 285.701660 209.325974
274.526306 202.105270 269.661255 223.331772
274.526306 202.105270 270.849182 219.767975
274.526306 252.631577 237.587006 242.338745
275.801117 62.232048 357.000000 170.000000
275.801117 202.254150 270.000000 220.000000
275.801117 212.154709 263.000000 227.000000
275.801117 236.198898 250.000000 234.000000
275.801117 256.000000 236.000000 244.000000
275.801117 451.182343 121.000000 318.000000
276.000000 152.000000 299.845306 200.839783
276.000000 196.000000 271.558014 217.812164
276.210541 212.210526 263.721558 228.083527
276.210541 451.368439 119.981438 318.366577
276.788849 465.670532 110.000000 324.000000
277.215485 65.060776 354.000000 172.000000
277.215485 87.690613 341.000000 176.000000
277.215485 168.309402 291.000000 211.000000
277.215485 198.011063 272.000000 220.000000
277.215485 284.287292 222.000000 254.000000
277.215485 493.613281 94.000000 336.000000
277.894745 20.210526 381.327148 155.619492
277.894745 30.315790 374.199524 155.619492
277.894745 279.578949 220.955902 253.030151
278.629852 16.972376 385.000000 152.000000
278.629852 24.044199 380.000000 156.000000
278.629852 32.530388 374.000000 155.000000
278.629852 134.364639 315.000000 197.000000
279.164734 295.795807 214.000000 260.000000
279.578949 89.263161 338.561462 178.190247
279.578949 116.210526 326.682129 191.257538
279.578949 389.052643 157.995361 296.983734
280.000000 220.000000 261.657471 229.127075
280.044220 142.850830 309.000000 201.000000
280.044220 347.933716 180.000000 280.000000
281.004639 69.060463 352.000000 173.473679
281.004639 109.544189 328.421051 190.315796
281.263153 124.631577 320.742462 197.197205
281.263153 419.368439 138.988388 307.675171
282.000000 80.000000 346.519348 178.209946
282.000000 156.000000 299.845306 207.911606
282.000000 240.000000 248.928192 239.027634
282.000000 420.000000 141.436462 309.745880
282.872925 55.160225 362.000000 171.000000
282.872925 63.646412 357.000000 170.000000
282.872925 155.580124 300.000000 208.000000
282.947357 158.315796 299.359619 209.076553
282.947357 168.421051 293.419952 213.828293
282.947357 183.578949 282.728516 219.767975
284.287292 159.823212 298.000000 209.000000
284.287292 258.828735 239.000000 248.000000
284.631592 38.736843 374.199524 163.935028
284.631592 178.526321 289.856140 219.767975
284.631592 178.526321 289.944763 219.226532
284.631592 242.526321 248.278412 242.338745
285.104401 338.561462 192.000000 278.000000
285.701660 39.602211 373.000000 164.000000
285.701660 287.116028 223.000000 262.000000
285.767456 226.232559 259.368408 234.105270
285.767456 419.125580 139.789474 309.894745
286.292328 124.733177 321.000000 197.000000
286.315796 262.736847 238.774933 251.842224
286.315796 480.000000 103.350342 333.809723
287.116028 24.044199 384.000000 158.000000
287.116028 48.088398 366.000000 168.000000
287.116028 48.088398 368.000000 171.000000
287.116028 134.364639 314.000000 200.000000
287.116028 142.850830 309.000000 206.000000
288.000000 30.315790 381.327148 161.559158
288.148834 171.460464 291.368408 215.578949
288.530396 56.574589 362.000000 171.000000
288.530396 97.591164 340.000000 188.000000
288.530396 335.204437 192.000000 278.000000
288.530396 420.066315 141.000000 310.000000
288.668213 80.779579 350.000000 182.000000
288.668213 146.115997 309.000000 206.000000
289.684204 70.736839 357.568420 178.190247
289.684204 80.842102 350.000000 186.000000
289.684204 80.842102 350.440826 182.941986
289.684204 362.105255 179.378189 289.856140
289.856140 62.960556 361.000000 177.000000
289.944763 63.646412 361.000000 177.000000
289.944763 106.077354 333.000000 193.000000
289.944763 224.883987 262.000000 241.000000
290.000000 80.000000 349.348083 182.453049
290.000000 336.000000 195.182327 278.629852
291.044067 68.900230 357.000000 178.000000
291.044067 155.619492 302.000000 211.000000
291.359131 80.618790 350.000000 182.000000
291.359131 114.563538 327.000000 198.000000
291.359131 151.337021 305.000000 211.000000
291.359131 233.370178 257.000000 241.000000
291.359131 446.939240 126.000000 324.000000
291.368408 224.000000 260.157776 239.962875
292.000000 158.000000 302.674042 216.397797
292.000000 450.000000 124.464096 328.132599
292.000000 474.000000 110.320450 333.790070
292.231995 152.055679 305.000000 211.000000
292.773499 159.823212 300.000000 215.000000
292.773499 196.596695 278.000000 231.000000
292.773499 446.939240 125.921112 326.682129
292.773499 446.939240 126.000000 325.000000
292.773499 446.939240 128.000000 328.000000
292.911621 100.018600 338.526306 192.000000
293.052643 141.473679 313.614838 210.264496
293.052643 160.000000 304.111359 216.204163
293.052643 186.947372 283.916473 225.707642
294.000000 264.000000 239.027634 254.585648
294.187866 132.950287 318.000000 205.000000
294.187866 155.580124 305.000000 217.000000
294.187866 188.110504 284.000000 227.000000
294.187866 292.773499 223.000000 268.000000
294.607880 146.115997 310.000000 212.000000
294.736847 235.789474 254.218094 245.902542
295.602234 16.972376 389.000000 163.000000
296.000000 384.000000 166.895035 305.502777
298.105255 64.000000 364.696045 180.566116
298.105255 213.894745 270.849182 239.962875
298.105255 254.315796 247.000000 256.000000
298.105255 277.894745 230.459396 262.533630
298.105255 387.368439 166.310898 306.487244
298.430939 63.646412 365.000000 183.000000
298.430939 106.077354 340.000000 199.000000
298.430939 151.337021 308.000000 217.000000
298.430939 390.364655 165.000000 307.000000
299.789490 75.789474 358.000000 189.000000
299.789490 111.157898 334.997681 203.136887
299.789490 122.947372 325.494202 204.324814
299.789490 122.947372 329.057983 204.324814
299.789490 131.368423 323.118317 209.076553
299.845306 114.563538 335.000000 204.000000
299.845306 123.049728 329.000000 204.000000
299.845306 336.618805 200.000000 289.000000
300.000000 78.000000 356.419891 186.696136
300.000000 90.000000 347.933716 192.353592
300.000000 112.000000 336.618805 200.839783
300.000000 224.000000 264.486206 243.270721
300.055817 133.358139 323.368408 210.526321
300.547546 273.225037 238.000000 264.000000
301.259674 91.933708 348.000000 196.000000
301.259674 131.535919 324.000000 209.000000
301.259674 284.287292 229.000000 269.000000
301.473694 161.684204 304.111359 222.143845
301.473694 491.789490 102.162407 345.689087
302.000000 150.000000 311.160248 214.983429
302.674042 224.883987 265.000000 248.000000
302.674042 485.127106 108.000000 348.000000
303.157898 40.421051 380.000000 175.000000
303.157898 185.263153 289.856140 234.023193
304.000000 102.000000 340.861877 202.254150
304.000000 186.000000 289.944763 233.370178
304.000000 188.000000 291.359131 231.955811
304.842102 48.842106 374.199524 180.566116
305.502777 48.088398 374.000000 178.000000
306.000000 48.000000 374.199524 180.566116
306.526306 101.052635 342.125275 203.136887
306.526306 266.105255 241.150803 264.909515
306.526306 446.315796 132.950287 332.375702
306.526306 446.315796 133.048721 334.997681
306.917145 107.491714 341.000000 204.000000
306.917145 281.458588 234.000000 272.000000
306.917145 335.204437 203.000000 293.000000
308.210541 212.210526 274.412994 244.714615
308.210541 222.315796 270.000000 248.000000
308.210541 417.684204 152.055679 323.118317
308.331512 115.977905 336.000000 210.000000
308.331512 124.464096 330.000000 209.000000
308.331512 159.823212 308.000000 225.000000
308.331512 417.237579 151.000000 322.000000
309.745880 56.574589 370.000000 185.000000
309.745880 76.375694 358.000000 192.000000
309.745880 76.375694 359.000000 195.000000
309.745880 84.861885 353.000000 195.000000
309.745880 442.696136 136.000000 337.000000
309.894745 90.947372 351.628754 199.573074
309.894745 122.947372 330.245941 210.264496
309.894745 133.052628 325.494202 217.392105
310.000000 62.000000 366.320465 188.110504
310.051025 416.965179 151.000000 322.000000
311.160248 82.033150 355.368439 197.052628
311.160248 91.933708 353.000000 201.000000
311.160248 141.436462 321.000000 221.000000
311.578949 141.473679 319.554504 217.392105
311.578949 154.947372 311.238983 223.331772
311.578949 176.842102 298.171692 234.023193
312.000000 74.000000 361.132233 196.009277
312.000000 134.000000 325.303894 216.397797
313.263153 40.421051 381.327148 181.754059
313.263153 40.421051 383.000000 182.000000
313.263153 185.263153 294.187866 237.613266
313.988953 100.419891 346.000000 206.000000
313.988953 149.922653 317.000000 225.000000
313.988953 355.005524 193.000000 305.000000
314.344177 157.172089 313.263153 225.684219
315.403320 159.823212 311.000000 228.000000
316.000000 398.000000 166.895035 322.475159
316.000000 412.000000 158.408844 325.303894
316.631592 128.000000 328.632568 216.706970
316.631592 399.157898 167.498840 319.554504
316.631592 410.947357 157.995361 326.682129
316.725586 173.841858 304.842102 234.105270
316.725586 331.013947 207.157898 294.736847
318.000000 382.000000 175.381226 313.988953
318.000000 382.000000 175.381226 318.232056
318.232056 408.751404 161.000000 329.000000
318.232056 415.823212 157.000000 331.000000
318.315796 357.052643 191.257538 305.299286
318.315796 384.000000 177.002319 318.366577
319.106964 357.209290 190.315796 306.526306
320.000000 109.473686 342.125275 210.264496
320.000000 117.894737 336.185608 217.392105
320.000000 136.421051 327.870056 224.519714
320.000000 158.315796 316.000000 232.000000
320.000000 168.421051 306.487244 236.399063
320.000000 346.947357 198.385147 306.487244
320.000000 417.684204 154.431549 330.245941
321.060791 172.552490 304.000000 239.000000
321.060791 357.834259 193.000000 307.000000
321.684204 186.947372 295.795807 242.338745
321.684204 491.789490 109.290016 361.132233
322.000000 64.000000 369.447784 197.197205
322.475159 118.806633 337.000000 216.000000
322.475159 142.850830 322.000000 227.000000
323.118317 481.113678 117.000000 357.000000
323.869751 88.111626 357.052643 205.473679
323.889526 76.375694 364.000000 202.000000
325.494202 401.522034 166.000000 326.000000
326.000000 100.000000 350.762451 210.740341
326.000000 412.000000 159.823212 332.375702
326.251160 145.265121 325.052643 229.052628
326.251160 226.232559 276.210541 262.736847
326.682129 413.401367 159.000000 332.000000
326.718231 185.281769 302.000000 244.000000
326.736847 85.894737 360.000000 209.000000
328.132599 192.353592 296.000000 248.000000
328.132599 237.613266 269.000000 269.000000
328.132599 237.613266 270.000000 265.000000
328.421051 237.473679 269.661255 267.285370
328.632568 159.553482 316.631592 237.473679
328.632568 411.981384 161.684204 331.789490
329.546967 128.707184 335.000000 227.000000
329.546967 137.193375 330.000000 230.000000
330.000000 176.000000 305.502777 243.270721
330.961334 120.221001 339.000000 223.000000
330.961334 284.287292 239.000000 285.000000
331.789490 183.578949 302.923431 248.278412
332.000000 154.000000 321.060791 237.613266
332.000000 356.000000 200.839783 313.988953
333.473694 192.000000 299.359619 254.218094
333.790070 106.077354 351.000000 219.000000
333.790070 175.381226 308.000000 244.000000
333.790070 185.281769 301.000000 249.000000
334.997681 426.468658 154.000000 343.000000
335.157898 442.947357 147.303940 350.440826
335.204437 209.325974 287.000000 258.000000
335.204437 332.375702 213.000000 308.000000
335.204437 332.375702 213.828293 306.487244
335.204437 410.165771 165.000000 339.000000
336.000000 48.000000 384.890930 198.385147
336.618805 442.696136 148.000000 350.000000
336.618805 468.154724 130.000000 358.000000
336.618805 468.154724 130.672852 361.132233
336.842102 84.210526 363.508118 213.828293
336.842102 240.842102 269.661255 274.412994
336.842102 331.789490 213.828293 306.487244
336.842102 409.263153 169.874710 338.561462
338.000000 86.000000 363.508118 213.828293
338.033173 135.779007 334.000000 234.000000
338.033173 231.955811 276.000000 269.000000
338.526306 146.526321 327.870056 238.774933
339.447540 220.640900 284.000000 268.000000
339.447540 459.668518 136.000000 360.000000
340.000000 132.000000 336.618805 231.955811
340.000000 412.000000 165.480667 339.447540
340.210541 173.473679 311.238983 250.654282
341.894745 183.578949 305.299286 253.030151
341.894745 355.368439 200.761017 320.742462
342.276245 172.552490 311.000000 250.000000
342.276245 357.834259 202.000000 321.000000
343.578949 168.421051 316.725586 252.427902
343.578949 380.631592 187.693726 331.433868
343.690613 121.635361 345.000000 230.000000
343.690613 192.353592 300.000000 260.000000
343.690613 207.911606 289.856140 264.909515
343.690613 207.911606 291.000000 267.000000
343.690613 381.878479 187.000000 332.000000
343.690613 468.154724 135.000000 364.000000
344.000000 378.000000 186.696136 330.961334
344.501160 475.174011 129.000000 370.000000
346.519348 128.707184 340.000000 235.000000
346.519348 239.027634 273.000000 278.000000
346.947357 80.842102 369.116272 216.706970
346.947357 82.526314 368.000000 219.000000
346.947357 92.631577 363.508118 222.143845
346.947357 240.842102 274.412994 276.788849
346.947357 269.473694 256.593964 292.231995
347.683716 71.441864 375.578949 215.578949
348.631592 134.736847 338.561462 239.962875
348.631592 144.842102 331.433868 243.526672
348.631592 410.947357 172.250580 345.689087
349.348083 137.193375 337.000000 241.000000
349.348083 186.696136 306.000000 259.000000
349.348083 186.696136 306.487244 258.969818
350.000000 94.000000 363.491730 223.469620
350.065125 202.418610 296.421051 266.105255
350.315796 106.105263 356.380493 230.459396
350.315796 153.263153 327.870056 249.466354
350.315796 185.263153 306.917145 260.243103
350.315796 468.210541 138.120926 366.734894
350.440826 187.693726 306.000000 259.000000
350.440826 475.174011 135.000000 371.000000
350.762451 179.624313 311.238983 256.593964
350.762451 179.624313 312.000000 261.000000
350.762451 195.182327 304.000000 262.000000
352.176819 214.983429 291.000000 272.000000
352.176819 408.751404 173.000000 346.000000
353.591187 154.165756 329.000000 251.000000
353.684204 114.526314 354.827911 233.376740
354.000000 116.000000 352.000000 234.105270
354.000000 176.000000 315.403320 260.243103
354.827911 114.306976 352.000000 234.105270
355.368439 205.473679 296.983734 273.225037
356.380493 182.941986 312.000000 261.000000
357.209290 290.530243 247.578949 304.842102
357.834259 135.779007 341.000000 244.000000
357.834259 164.066299 324.000000 256.000000
357.834259 198.011063 303.000000 267.000000
357.834259 284.287292 249.000000 304.000000
358.736847 117.894737 352.176819 237.613266
359.248627 172.552490 318.000000 261.000000
359.248627 172.552490 318.366577 260.157776
359.248627 330.961334 224.000000 322.000000
359.248627 438.453064 161.000000 363.000000
360.421051 355.368439 210.264496 331.433868
362.105255 186.947372 311.238983 266.097443
362.320160 184.129929 312.000000 267.000000
363.491730 357.834259 210.000000 335.000000
363.789490 365.473694 205.512756 337.373535
364.906097 154.165756 331.433868 256.593964
365.000000 138.000000 345.000000 249.000000
365.473694 126.315788 349.348083 246.099457
365.473694 126.315788 350.440826 248.278412
365.473694 200.421051 304.111359 274.412994
365.473694 377.263153 198.385147 344.501160
366.000000 156.000000 331.789490 259.368408
366.000000 366.000000 203.668518 336.618805
366.320465 137.193375 342.000000 253.000000
366.320465 189.524872 311.000000 274.000000
366.320465 376.221008 201.000000 345.000000
366.320465 381.878479 198.000000 346.000000
366.734894 354.827911 212.210526 336.842102
367.157898 134.736847 346.519348 248.928192
367.157898 144.842102 339.749420 254.218094
367.157898 165.052628 325.494202 262.533630
367.157898 210.526321 301.000000 279.000000
367.157898 252.631577 273.225037 294.607880
367.734833 155.580124 331.789490 259.368408
367.734833 329.546967 230.000000 328.000000
367.734833 466.740356 143.000000 380.000000
368.000000 144.000000 341.894745 254.315796
369.116272 159.553482 331.789490 259.368408
369.149200 222.055252 293.000000 286.000000
369.447784 482.301605 137.000000 384.000000
370.000000 406.000000 183.867416 355.005524
370.526306 407.578949 182.941986 357.568420
370.563538 186.696136 318.232056 271.558014
370.563538 203.668518 306.000000 278.000000
370.563538 405.922668 184.000000 359.000000
371.823639 142.552200 342.000000 258.000000
373.011597 155.619492 336.000000 263.000000
373.011597 165.122971 330.000000 268.000000
373.392273 485.127106 133.000000 389.000000
373.894745 84.210526 378.951263 236.399063
374.806641 188.110504 316.000000 276.000000
374.806641 195.182327 311.238983 280.352661
374.806641 195.182327 312.000000 279.000000
374.806641 476.640900 142.000000 386.000000
375.578949 200.421051 311.238983 280.352661
376.221008 175.381226 324.000000 273.000000
376.221008 407.337036 182.000000 360.000000
377.263153 171.789474 325.494202 272.037109
377.263153 407.578949 186.505798 361.132233
377.635376 308.331512 242.000000 324.000000
377.635376 308.331512 247.000000 325.000000
378.000000 190.000000 316.631592 279.578949
378.000000 190.000000 316.817688 278.629852
378.000000 328.000000 233.370178 329.546967
378.947357 303.157898 247.000000 325.000000
378.947357 437.894745 167.498840 373.011597
378.951263 205.512756 306.000000 286.000000
380.000000 146.000000 341.894745 262.736847
380.000000 486.000000 137.193375 391.779022
380.464111 435.624329 170.000000 374.000000
380.464111 485.127106 137.000000 391.000000
380.631592 293.052643 255.406021 318.366577
380.631592 328.421051 234.023193 332.621796
381.023254 135.739532 350.315796 261.052643
381.023254 147.646515 341.894745 262.736847
381.023254 161.934875 335.157898 272.842102
381.023254 161.934875 338.000000 270.000000
381.878479 189.524872 318.000000 280.000000
381.878479 189.524872 319.000000 279.000000
381.878479 200.839783 311.000000 285.000000
381.878479 465.325989 151.000000 385.000000
382.315796 190.315796 318.366577 281.540588
382.315796 409.263153 185.000000 364.000000
383.292847 91.933708 378.951263 242.338745
383.292847 144.265198 345.689087 264.909515
383.292847 329.546967 235.000000 336.000000
384.000000 156.631577 339.749420 268.473297
384.707184 322.475159 236.000000 334.000000
385.684204 136.421051 352.176819 260.243103
385.684204 352.000000 220.955902 346.877014
386.000000 94.000000 380.631592 245.894745
387.535919 152.751389 341.000000 270.000000
387.535919 352.176819 221.000000 349.000000
388.000000 352.000000 220.640900 346.519348
389.052643 469.894745 153.243622 392.018555
389.642670 363.508118 216.000000 353.000000
390.000000 124.000000 360.662994 261.657471
390.364655 114.563538 366.000000 256.000000
390.364655 465.325989 152.000000 393.000000
390.364655 476.640900 147.000000 398.000000
390.364655 485.127106 142.000000 397.000000
390.736847 373.894745 209.076553 358.756378
390.736847 490.105255 140.176331 399.146149
392.421051 124.631577 359.944305 262.533630
392.930237 126.213951 360.421051 261.052643
392.930237 481.041870 146.526321 397.473694
393.193390 377.635376 209.000000 359.000000
394.000000 148.000000 347.933716 274.386749
394.105255 136.421051 355.192566 268.473297
395.789490 402.526306 193.633408 371.823639
396.000000 238.000000 292.773499 308.331512
396.022125 403.093933 194.000000 371.000000
396.770294 401.522034 194.000000 371.000000
397.436493 97.591164 379.000000 254.000000
397.436493 147.093933 351.000000 273.000000
397.436493 168.309402 336.000000 280.000000
397.436493 486.541443 145.000000 403.000000
397.473694 242.526321 293.052643 313.263153
397.473694 436.210541 177.002319 384.890930
398.850830 175.381226 333.809723 288.668213
398.850830 432.795593 179.000000 386.000000
400.074402 164.316284 338.526306 281.263153
400.842102 490.105255 141.364258 406.273773
402.000000 136.000000 357.834259 272.972382
402.455811 304.818604 256.000000 336.000000
402.526306 116.210526 371.977905 263.071838
404.000000 154.000000 348.631592 282.947357
404.000000 166.000000 339.447540 287.116028
404.210541 134.736847 357.834259 272.972382
404.508301 308.331512 255.406021 339.749420
404.508301 308.331512 257.000000 339.000000
405.085846 205.512756 317.000000 304.000000
405.894745 156.631577 348.064941 283.916473
405.922668 166.895035 342.000000 288.000000
405.922668 316.817688 251.842224 345.689087
405.922668 316.817688 252.000000 345.000000
407.337036 175.381226 336.000000 289.000000
407.337036 328.132599 245.902542 349.252899
407.461700 324.306244 247.000000 349.000000
408.000000 486.000000 148.508286 408.751404
408.649628 330.245941 243.000000 353.000000
408.751404 149.922653 353.000000 280.000000
409.263153 328.421051 245.902542 349.252899
410.165771 124.464096 368.000000 276.000000
410.165771 158.408844 347.000000 284.000000
410.165771 338.033173 238.000000 357.000000
410.947357 348.631592 235.211136 359.944305
410.947357 400.842102 203.136887 378.951263
411.580139 99.005531 386.000000 266.000000
412.994476 132.950287 364.000000 281.000000
412.994476 166.895035 343.000000 294.000000
412.994476 352.176819 230.000000 365.000000
413.401367 352.816681 230.000000 365.000000
414.000000 104.000000 381.878479 268.729279
414.000000 316.000000 256.000000 348.631592
414.362793 142.883728 362.105255 282.947357
414.408844 141.436462 359.000000 281.000000
414.408844 319.646423 252.000000 348.000000
416.000000 106.105263 381.327148 268.473297
417.237579 338.033173 243.000000 359.000000
417.237579 476.640900 158.000000 412.000000
419.368439 346.947357 236.399063 367.071899
419.368439 488.421051 149.922653 415.823212
420.066315 394.607758 208.000000 382.000000
420.066315 485.127106 151.000000 416.000000
420.528992 166.310898 349.000000 295.000000
421.052643 203.789474 323.118317 311.238983
421.052643 402.526306 205.512756 386.078888
421.480682 127.292824 373.000000 282.000000
421.480682 353.591187 234.000000 369.000000
421.480682 401.679565 205.000000 387.000000
422.000000 142.000000 362.077362 287.116028
422.000000 402.000000 203.668518 388.950287
422.736847 151.578949 355.192566 291.044067
422.736847 360.421051 229.271454 374.199524
422.736847 410.947357 197.197205 389.642670
422.736847 410.947357 198.000000 389.000000
422.895050 140.022110 364.000000 286.000000
424.309418 151.337021 357.000000 294.000000
424.421051 138.105270 367.071899 287.480255
425.723785 96.176796 393.000000 272.000000
426.105255 119.578949 376.000000 283.000000
426.105255 382.315796 219.767975 381.327148
426.468658 300.547546 270.000000 352.000000
426.468658 482.301605 155.000000 420.000000
427.138153 166.895035 350.000000 299.000000
427.789490 102.736839 390.830627 276.788849
427.789490 112.842110 382.515076 281.540588
427.789490 431.157898 187.693726 403.897888
427.789490 431.157898 191.257538 400.334106
428.552490 388.950287 213.000000 386.000000
428.552490 437.038696 185.000000 406.000000
428.651154 130.976746 372.210541 288.000000
429.473694 392.421051 211.452423 386.078888
429.473694 392.421051 213.828293 389.642670
429.966858 404.508301 205.000000 394.000000
430.032471 496.556824 149.000000 426.000000
431.032562 452.465118 175.157898 412.631592
431.381226 141.436462 365.000000 293.000000
432.000000 128.000000 374.806641 288.530396
432.000000 392.000000 212.154709 390.364655
432.408325 469.234314 168.000000 417.000000
432.408325 476.361938 161.000000 421.000000
432.795593 108.906082 385.000000 283.000000
432.795593 298.430939 270.000000 352.000000
432.842102 160.000000 356.380493 301.735474
433.413940 392.930237 212.154709 390.364655
434.000000 140.000000 367.734833 295.602234
434.209961 96.176796 396.770294 275.600922
434.209961 96.176796 397.000000 278.000000
434.209961 158.408844 356.000000 300.000000
434.209961 455.425446 174.626450 414.589325
434.526306 122.947372 378.951263 286.292328
435.624329 104.662987 391.000000 283.000000
435.624329 166.895035 353.000000 305.000000
435.624329 325.303894 257.781891 368.259857
435.795349 404.837219 210.740341 397.436493
435.972137 496.556824 150.000000 432.000000
436.210541 104.421051 389.642670 282.728516
437.038696 123.049728 381.000000 288.000000
437.038696 343.690613 244.000000 374.000000
438.000000 432.000000 192.445465 406.273773
438.348022 150.867737 362.000000 301.000000
438.453064 407.337036 205.473679 397.473694
439.535950 469.234314 168.000000 423.000000
440.000000 162.000000 359.248627 304.088409
440.723877 382.515076 224.000000 389.000000
440.723877 482.301605 162.000000 428.000000
441.281799 493.613281 155.619492 433.596283
442.696136 164.066299 356.000000 306.000000
442.947357 163.368423 358.756378 307.675171
442.947357 325.052643 257.781891 368.259857
443.099762 496.556824 155.000000 437.000000
444.000000 130.000000 377.635376 298.430939
444.110504 99.005531 397.000000 285.000000
444.110504 123.049728 383.000000 294.000000
444.110504 131.535919 377.000000 296.000000
446.663544 401.522034 213.000000 403.000000
446.939240 138.607742 373.000000 301.000000
448.000000 109.473686 390.364655 291.359131
451.182343 94.762436 401.000000 286.000000
451.182343 114.563538 391.000000 296.000000
451.182343 155.580124 366.000000 312.000000
451.182343 412.994476 208.000000 408.000000
452.000000 120.000000 390.364655 295.602234
452.000000 164.000000 360.662994 312.574585
452.596710 103.248619 396.000000 290.000000
452.596710 162.651947 360.000000 312.000000
453.052643 163.368423 361.132233 312.426910
456.839783 435.624329 195.000000 423.000000
456.839783 435.624329 199.000000 419.000000
458.105255 96.000000 407.461700 291.044067
458.105255 141.473679 377.763336 307.675171
458.254150 87.690613 409.000000 287.000000
458.254150 114.563538 393.000000 296.000000
458.254150 114.563538 394.394409 296.983734
458.254150 130.121552 382.000000 304.000000
458.542908 370.635712 238.000000 399.000000
459.668518 148.508286 373.000000 314.000000
459.668518 165.480667 361.000000 318.000000
459.789490 106.105263 400.334106 298.171692
461.082886 104.662987 402.000000 297.000000
461.082886 140.022110 378.000000 309.000000
462.000000 120.000000 390.736847 301.473694
462.497253 456.839783 184.000000 434.000000
464.000000 98.000000 405.922668 298.430939
468.154724 97.591164 409.000000 298.000000
468.154724 140.022110 379.000000 314.000000
469.894745 97.684212 406.273773 299.359619
469.894745 107.789474 401.522034 305.299286
474.000000 124.000000 392.421051 311.578949
475.226532 158.408844 373.000000 328.000000
476.000000 90.000000 417.237579 301.259674
476.640900 90.519341 416.000000 301.000000
476.640900 99.005531 410.000000 307.000000
476.640900 124.464096 392.018555 312.426910
476.640900 132.950287 390.000000 317.000000
480.000000 101.052635 409.837585 307.675171
480.000000 109.473686 402.709961 311.238983
480.000000 138.105270 384.890930 320.742462
485.127106 91.933708 416.000000 308.000000
485.127106 100.419891 411.000000 311.000000
489.429230 121.169373 401.000000 321.000000
490.105255 104.421051 411.580139 316.817688
490.105255 116.210526 404.508301 319.646423
490.105255 128.000000 396.022125 321.060791
493.613281 84.861885 424.000000 311.000000
495.027649 149.922653 385.000000 336.000000
